A 10
B 0
r1 [3](10,0,4.9759)
r2 [3](3.55271e-14,0,0.694318)
a 11.1696
b 0.621615
B_n 0
B_v 0
b_n 0.621615
b_v 0
Apow2 100
Apow4 10000
apow2 124.76
_dL 10
E11_m 12.3798
E11_cur_n 0.621615
E11_cur_v 0
S11_m 12.3798
S11_n 0.621615
S11_v 0
eps_dof [16](-0.00144623,-0,-0.000719631,0,-0.0373204,-0,-0.0185702,0,-0.22102,-0,-0.109977,0,0.259787,0,0.129267,0)
eps_dof_2 [16,16]((2.09159e-08,0,0,0,5.3974e-07,0,0,0,3.19647e-06,0,0,0,-3.75713e-06,0,0,0),(0,2.09159e-08,0,0,0,5.3974e-07,0,0,0,3.19647e-06,0,0,0,-3.75713e-06,0,0),(0,0,2.09159e-08,0,0,0,5.3974e-07,0,0,0,3.19647e-06,0,0,0,-3.75713e-06,0),(0,0,0,0,0,0,0,0,0,0,0,0,0,0,0,0),(5.3974e-07,0,0,0,1.39281e-05,0,0,0,8.24857e-05,0,0,0,-9.69536e-05,0,0,0),(0,5.3974e-07,0,0,0,1.39281e-05,0,0,0,8.24857e-05,0,0,0,-9.69536e-05,0,0),(0,0,5.3974e-07,0,0,0,1.39281e-05,0,0,0,8.24857e-05,0,0,0,-9.69536e-05,0),(0,0,0,0,0,0,0,0,0,0,0,0,0,0,0,0),(3.19647e-06,0,0,0,8.24857e-05,0,0,0,0.000488501,0,0,0,-0.000574183,0,0,0),(0,3.19647e-06,0,0,0,8.24857e-05,0,0,0,0.000488501,0,0,0,-0.000574183,0,0),(0,0,3.19647e-06,0,0,0,8.24857e-05,0,0,0,0.000488501,0,0,0,-0.000574183,0),(0,0,0,0,0,0,0,0,0,0,0,0,0,0,0,0),(-3.75713e-06,0,0,0,-9.69536e-05,0,0,0,-0.000574183,0,0,0,0.000674894,0,0,0),(0,-3.75713e-06,0,0,0,-9.69536e-05,0,0,0,-0.000574183,0,0,0,0.000674894,0,0),(0,0,-3.75713e-06,0,0,0,-9.69536e-05,0,0,0,-0.000574183,0,0,0,0.000674894,0),(0,0,0,0,0,0,0,0,0,0,0,0,0,0,0,0))
curve_dof_n [16](-0.00185764,0,0.00373328,0,-0.0212077,0,0.0426208,0,0.0476181,0,-0.0956976,0,-0.0245528,0,0.0493436,0)
curve_dof_v [16](0,-0.00416802,0,-2.08064e-06,0,-0.0475568,0,-8.36582e-05,0,0.107179,0,-0.00112124,0,-0.0554545,0,-0.00500918)
curve_dof_n_2 [16,16]((-4.30889e-08,0,3.26032e-08,0,-8.02069e-07,0,9.95512e-07,0,-2.74211e-06,0,6.89479e-06,0,3.58726e-06,0,-7.92291e-06,0),(0,2.53758e-08,0,-1.3951e-08,0,4.72223e-07,0,-5.60941e-07,0,1.61327e-06,0,-7.51807e-06,0,-2.11087e-06,0,-3.35873e-05),(3.26032e-08,0,4.29847e-08,0,2.18633e-07,0,7.99379e-07,0,-2.74053e-06,0,2.72618e-06,0,2.48929e-06,0,-3.56854e-06,0),(0,-1.3951e-08,0,-6.96424e-12,0,-1.5918e-07,0,-2.80017e-10,0,3.58746e-07,0,-3.75296e-09,0,-1.85615e-07,0,-1.67665e-08),(-8.02069e-07,0,2.18633e-07,0,-1.27018e-05,0,9.62048e-06,0,-2.3408e-05,0,8.27576e-05,0,3.69119e-05,0,-9.25967e-05,0),(0,4.72223e-07,0,-1.5918e-07,0,7.47367e-06,0,-6.40029e-06,0,1.37244e-05,0,-8.57806e-05,0,-2.16703e-05,0,-0.000383228),(9.95512e-07,0,7.99379e-07,0,9.62048e-06,0,1.26324e-05,0,-4.71578e-05,0,2.2997e-05,0,3.65418e-05,0,-3.64288e-05,0),(0,-5.60941e-07,0,-2.80017e-10,0,-6.40029e-06,0,-1.12589e-08,0,1.44244e-05,0,-1.50899e-07,0,-7.46318e-06,0,-6.74145e-07),(-2.74211e-06,0,-2.74053e-06,0,-2.3408e-05,0,-4.71578e-05,0,0.000168235,0,-0.000126588,0,-0.000142085,0,0.000176487,0),(0,1.61327e-06,0,3.58746e-07,0,1.37244e-05,0,1.44244e-05,0,-9.95657e-05,0,0.000193325,0,8.4228e-05,0,0.000863685),(6.89479e-06,0,2.72618e-06,0,8.27576e-05,0,2.2997e-05,0,-0.000126588,0,-0.000170669,0,3.69359e-05,0,0.000144946,0),(0,-7.51807e-06,0,-3.75296e-09,0,-8.57806e-05,0,-1.50899e-07,0,0.000193325,0,-2.02243e-06,0,-0.000100026,0,-9.0353e-06),(3.58726e-06,0,2.48929e-06,0,3.69119e-05,0,3.65418e-05,0,-0.000142085,0,3.69359e-05,0,0.000101586,0,-7.59671e-05,0),(0,-2.11087e-06,0,-1.85615e-07,0,-2.16703e-05,0,-7.46318e-06,0,8.4228e-05,0,-0.000100026,0,-6.04469e-05,0,-0.00044687),(-7.92291e-06,0,-3.56854e-06,0,-9.25967e-05,0,-3.64288e-05,0,0.000176487,0,0.000144946,0,-7.59671e-05,0,-0.000104948,0),(0,-3.35873e-05,0,-1.67665e-08,0,-0.000383228,0,-6.74145e-07,0,0.000863685,0,-9.0353e-06,0,-0.00044687,0,-4.03656e-05))
curve_dof_v_2 [16,16]((0,-5.3992e-08,0,6.21781e-09,0,-1.39327e-06,0,2.50005e-07,0,-8.25131e-06,0,3.35072e-06,0,9.69858e-06,0,1.49695e-05),(-5.3992e-08,0,-1.26358e-08,0,-6.16396e-07,0,-1.43465e-07,0,1.38401e-06,0,3.33714e-07,0,-7.13623e-07,0,-1.77614e-07,0),(0,-1.26358e-08,0,-1.24959e-08,0,-3.26069e-07,0,-5.02432e-07,0,-1.93106e-06,0,-6.7339e-06,0,2.26977e-06,0,-3.0084e-05),(6.21781e-09,0,-1.24959e-08,0,7.09853e-08,0,-1.42658e-07,0,-1.59385e-07,0,3.20315e-07,0,8.21822e-08,0,-1.65161e-07,0),(0,-6.16396e-07,0,7.09853e-08,0,-1.59062e-05,0,2.85417e-06,0,-9.42006e-05,0,3.82533e-05,0,0.000110723,0,0.000170898),(-1.39327e-06,0,-3.26069e-07,0,-1.59062e-05,0,-3.70214e-06,0,3.57147e-05,0,8.61157e-06,0,-1.84152e-05,0,-4.58336e-06,0),(0,-1.43465e-07,0,-1.42658e-07,0,-3.70214e-06,0,-5.73599e-06,0,-2.1925e-05,0,-7.68772e-05,0,2.57706e-05,0,-0.000343452),(2.50005e-07,0,-5.02432e-07,0,2.85417e-06,0,-5.73599e-06,0,-6.40854e-06,0,1.28792e-05,0,3.30437e-06,0,-6.64075e-06,0),(0,1.38401e-06,0,-1.59385e-07,0,3.57147e-05,0,-6.40854e-06,0,0.000211511,0,-8.58912e-05,0,-0.00024861,0,-0.000383722),(-8.25131e-06,0,-1.93106e-06,0,-9.42006e-05,0,-2.1925e-05,0,0.000211511,0,5.09998e-05,0,-0.000109059,0,-2.71438e-05,0),(0,3.33714e-07,0,3.20315e-07,0,8.61157e-06,0,1.28792e-05,0,5.09998e-05,0,0.000172615,0,-5.99451e-05,0,0.000771162),(3.35072e-06,0,-6.7339e-06,0,3.82533e-05,0,-7.68772e-05,0,-8.58912e-05,0,0.000172615,0,4.42872e-05,0,-8.90034e-05,0),(0,-7.13623e-07,0,8.21822e-08,0,-1.84152e-05,0,3.30437e-06,0,-0.000109059,0,4.42872e-05,0,0.000128188,0,0.000197855),(9.69858e-06,0,2.26977e-06,0,0.000110723,0,2.57706e-05,0,-0.00024861,0,-5.99451e-05,0,0.000128188,0,3.19048e-05,0),(0,-1.77614e-07,0,-1.65161e-07,0,-4.58336e-06,0,-6.64075e-06,0,-2.71438e-05,0,-8.90034e-05,0,3.19048e-05,0,-0.000397626),(1.49695e-05,0,-3.0084e-05,0,0.000170898,0,-0.000343452,0,-0.000383722,0,0.000771162,0,0.000197855,0,-0.000397626,0))
torsion_dof_n [16](0,-0.000880909,0,0.00144623,0,-0.0101058,0,0.0373204,0,0.0219735,0,0.22102,0,-0.0109867,0,-0.259787)
torsion_dof_v [16](0,0.000880909,0,-0.00144623,0,0.0101058,0,-0.0373204,0,-0.0219735,0,-0.22102,0,0.0109867,0,0.259787)
torsion_dof_n_2 [16,16]((0,-2.16176e-07,0,-6.34282e-23,0,-2.47998e-06,0,-2.2547e-21,0,5.39232e-06,0,-2.88245e-20,0,-2.69616e-06,0,-1.06794e-19),(-2.16176e-07,0,-7.76218e-08,0,-5.57848e-06,0,1.66674e-06,0,-3.30371e-05,0,3.36524e-05,0,3.88317e-05,0,-3.52415e-05,0),(0,-7.76218e-08,0,7.57697e-23,0,-4.56027e-06,0,1.73959e-21,0,-4.35787e-05,0,1.44673e-20,0,4.82166e-05,0,2.31071e-20),(-6.34239e-23,0,7.57544e-23,0,-2.88483e-21,0,-1.44815e-21,0,-6.96972e-21,0,-4.70842e-21,0,2.27218e-20,0,-9.29023e-23,0),(0,-5.57848e-06,0,-2.88468e-21,0,-6.39965e-05,0,-7.30651e-20,0,0.00013915,0,-4.81928e-19,0,-6.9575e-05,0,1.95156e-19),(-2.47998e-06,0,-4.56027e-06,0,-6.39965e-05,0,-2.2979e-05,0,-0.000379003,0,0.000477601,0,0.00044548,0,-0.000450062,0),(0,1.66674e-06,0,-1.44843e-21,0,-2.2979e-05,0,-3.84214e-20,0,-0.000563725,0,-2.5804e-19,0,0.000585037,0,8.89046e-20),(-2.25444e-21,0,1.73907e-21,0,-7.30609e-20,0,-3.84299e-20,0,-1.2276e-19,0,-1.53719e-19,0,5.35897e-19,0,1.00348e-19,0),(0,-3.30371e-05,0,-6.96896e-21,0,-0.000379003,0,-1.22786e-19,0,0.00082408,0,-7.36173e-19,0,-0.00041204,0,2.21177e-18),(5.39232e-06,0,-4.35787e-05,0,0.00013915,0,-0.000563725,0,0.00082408,0,0.0002959,0,-0.000968623,0,0.000311403,0),(0,3.36524e-05,0,-4.7095e-21,0,0.000477601,0,-1.53686e-19,0,0.0002959,0,-7.54605e-19,0,-0.000807154,0,2.08167e-19),(-2.88213e-20,0,1.44654e-20,0,-4.81993e-19,0,-2.58231e-19,0,-7.36043e-19,0,-7.55368e-19,0,3.16686e-18,0,2.27492e-19,0),(0,3.88317e-05,0,2.27217e-20,0,0.00044548,0,5.35867e-19,0,-0.000968623,0,3.16587e-18,0,0.000484311,0,-3.44343e-18),(-2.69616e-06,0,4.82166e-05,0,-6.9575e-05,0,0.000585037,0,-0.00041204,0,-0.000807154,0,0.000484311,0,0.0001739,0),(0,-3.52415e-05,0,-9.31736e-23,0,-0.000450062,0,1.00289e-19,0,0.000311403,0,2.25514e-19,0,0.0001739,0,-7.80626e-19),(-1.06809e-19,0,2.31153e-20,0,1.94866e-19,0,8.85869e-20,0,2.21235e-18,0,2.1557e-19,0,-3.4425e-18,0,-7.78775e-19,0))
torsion_dof_v_2 [16,16]((0,2.16176e-07,0,6.25679e-23,0,2.47998e-06,0,2.6078e-21,0,-5.39232e-06,0,2.9985e-20,0,2.69616e-06,0,1.16077e-19),(2.16176e-07,0,7.76218e-08,0,5.57848e-06,0,-1.66674e-06,0,3.30371e-05,0,-3.36524e-05,0,-3.88317e-05,0,3.52415e-05,0),(0,7.76218e-08,0,-6.58767e-23,0,4.56027e-06,0,-1.4209e-21,0,4.35787e-05,0,-1.44334e-20,0,-4.82166e-05,0,-2.61564e-20),(6.25679e-23,0,-6.58767e-23,0,2.90109e-21,0,1.60619e-21,0,6.80591e-21,0,4.17164e-21,0,-2.32087e-20,0,0,0),(0,5.57848e-06,0,2.90109e-21,0,6.39965e-05,0,7.7944e-20,0,-0.00013915,0,4.83012e-19,0,6.9575e-05,0,-2.32019e-19),(2.47998e-06,0,4.56027e-06,0,6.39965e-05,0,2.2979e-05,0,0.000379003,0,-0.000477601,0,-0.00044548,0,0.000450062,0),(0,-1.66674e-06,0,1.60619e-21,0,2.2979e-05,0,4.11658e-20,0,0.000563725,0,2.46656e-19,0,-0.000585037,0,-8.0231e-20),(2.6078e-21,0,-1.4209e-21,0,7.7944e-20,0,4.11658e-20,0,1.29833e-19,0,1.55854e-19,0,-5.54163e-19,0,-1.04083e-19,0),(0,3.30371e-05,0,6.80591e-21,0,0.000379003,0,1.29833e-19,0,-0.00082408,0,6.67869e-19,0,0.00041204,0,-1.64799e-18),(-5.39232e-06,0,4.35787e-05,0,-0.00013915,0,0.000563725,0,-0.00082408,0,-0.0002959,0,0.000968623,0,-0.000311403,0),(0,-3.36524e-05,0,4.17164e-21,0,-0.000477601,0,1.55854e-19,0,-0.0002959,0,7.22079e-19,0,0.000807154,0,-3.64292e-19),(2.9985e-20,0,-1.44334e-20,0,4.83012e-19,0,2.46656e-19,0,6.67869e-19,0,7.22079e-19,0,-3.17021e-18,0,-2.77556e-19,0),(0,-3.88317e-05,0,-2.32087e-20,0,-0.00044548,0,-5.54163e-19,0,0.000968623,0,-3.17021e-18,0,-0.000484311,0,3.38271e-18),(2.69616e-06,0,-4.82166e-05,0,6.9575e-05,0,-0.000585037,0,0.00041204,0,0.000807154,0,-0.000484311,0,-0.0001739,0),(0,3.52415e-05,0,0,0,0.000450062,0,-1.04083e-19,0,-0.000311403,0,-2.77556e-19,0,-0.0001739,0,5.55112e-19),(1.16077e-19,0,-2.61564e-20,0,-2.32019e-19,0,-8.0231e-20,0,-1.64799e-18,0,-3.64292e-19,0,3.38271e-18,0,5.55112e-19,0))
kem [16,16]((0.000209418,0,0.000104076,0,0.00540409,0,0.00268569,0,0.0320043,0,0.0159053,0,-0.0376178,0,-0.0186951,0),(0,2.58935e-07,0,0,0,6.68186e-06,0,0,0,3.95716e-05,0,0,0,-4.65124e-05,0,0),(0.000104076,0,5.20458e-05,0,0.00268569,0,0.00134305,0,0.0159053,0,0.0079539,0,-0.0186951,0,-0.009349,0),(0,0,0,0,0,0,0,0,0,0,0,0,0,0,0,0),(0.00540409,0,0.00268569,0,0.139454,0,0.0693049,0,0.825879,0,0.41044,0,-0.970736,0,-0.482431,0),(0,6.68186e-06,0,0,0,0.000172427,0,0,0,0.00102115,0,0,0,-0.00120026,0,0),(0.00268569,0,0.00134305,0,0.0693049,0,0.0346578,0,0.41044,0,0.205252,0,-0.482431,0,-0.241253,0),(0,0,0,0,0,0,0,0,0,0,0,0,0,0,0,0),(0.0320043,0,0.0159053,0,0.825879,0,0.41044,0,4.89105,0,2.43073,0,-5.74894,0,-2.85707,0),(0,3.95716e-05,0,0,0,0.00102115,0,0,0,0.00604753,0,0,0,-0.00710825,0,0),(0.0159053,0,0.0079539,0,0.41044,0,0.205252,0,2.43073,0,1.21555,0,-2.85707,0,-1.42876,0),(0,0,0,0,0,0,0,0,0,0,0,0,0,0,0,0),(-0.0376178,0,-0.0186951,0,-0.970736,0,-0.482431,0,-5.74894,0,-2.85707,0,6.75729,0,3.3582,0),(0,-4.65124e-05,0,0,0,-0.00120026,0,0,0,-0.00710825,0,0,0,0.00835503,0,0),(-0.0186951,0,-0.009349,0,-0.482431,0,-0.241253,0,-2.85707,0,-1.42876,0,3.3582,0,1.67936,0),(0,0,0,0,0,0,0,0,0,0,0,0,0,0,0,0))
keb_n [16,16]((0.000345056,0,-0.000693489,0,0.00393912,0,-0.00791679,0,-0.00884744,0,0.0177815,0,0.00456327,0,-0.00917118,0),(0,1.5774e-08,0,-8.67218e-09,0,2.93541e-07,0,-3.48689e-07,0,1.00284e-06,0,-4.67335e-06,0,-1.31215e-06,0,-2.08784e-05),(-0.000693489,0,0.00139376,0,-0.00791727,0,0.015912,0,0.0177755,0,-0.0357249,0,-0.00916471,0,0.0184191,0),(0,-8.67218e-09,0,-4.32908e-12,0,-9.89488e-08,0,-1.74063e-10,0,2.23002e-07,0,-2.3329e-09,0,-1.15381e-07,0,-1.04223e-08),(0.00393912,0,-0.00791727,0,0.0449686,0,-0.0903827,0,-0.101001,0,0.203004,0,0.0520938,0,-0.104704,0),(0,2.93541e-07,0,-9.89488e-08,0,4.64575e-06,0,-3.97852e-06,0,8.53128e-06,0,-5.33225e-05,0,-1.34706e-05,0,-0.00023822),(-0.00791679,0,0.015912,0,-0.0903827,0,0.181661,0,0.202923,0,-0.407856,0,-0.104623,0,0.210283,0),(0,-3.48689e-07,0,-1.74063e-10,0,-3.97852e-06,0,-6.9987e-09,0,8.96643e-06,0,-9.38009e-08,0,-4.63923e-06,0,-4.19059e-07),(-0.00884744,0,0.0177755,0,-0.101001,0,0.202923,0,0.226853,0,-0.455773,0,-0.117004,0,0.235075,0),(0,1.00284e-06,0,2.23002e-07,0,8.53128e-06,0,8.96643e-06,0,-6.18916e-05,0,0.000120174,0,5.23574e-05,0,0.00053688),(0.0177815,0,-0.0357249,0,0.203004,0,-0.407856,0,-0.455773,0,0.915697,0,0.234988,0,-0.472116,0),(0,-4.67335e-06,0,-2.3329e-09,0,-5.33225e-05,0,-9.38009e-08,0,0.000120174,0,-1.25718e-06,0,-6.21778e-05,0,-5.61648e-06),(0.00456327,0,-0.00916471,0,0.0520938,0,-0.104623,0,-0.117004,0,0.234988,0,0.0603473,0,-0.1212,0),(0,-1.31215e-06,0,-1.15381e-07,0,-1.34706e-05,0,-4.63923e-06,0,5.23574e-05,0,-6.21778e-05,0,-3.75747e-05,0,-0.000277781),(-0.00917118,0,0.0184191,0,-0.104704,0,0.210283,0,0.235075,0,-0.472116,0,-0.1212,0,0.243413,0),(0,-2.08784e-05,0,-1.04223e-08,0,-0.00023822,0,-4.19059e-07,0,0.00053688,0,-5.61648e-06,0,-0.000277781,0,-2.50919e-05))
keb_v [16,16]((0,-0,0,0,0,-0,0,0,0,0,0,0,0,0,0,0),(-0,0.00868621,-0,4.33609e-06,-0,0.0991089,-0,0.000174345,0,-0.223363,0,0.00233668,-0,0.115568,-0,0.0104392),(0,-0,0,-0,0,-0,0,-0,0,0,0,-0,0,0,0,-0),(0,4.33609e-06,-0,2.16454e-09,0,4.94744e-05,-0,8.70315e-08,-0,-0.000111501,0,1.16645e-06,0,5.76906e-05,-0,5.21116e-06),(0,-0,0,0,0,-0,0,0,0,0,0,0,0,0,0,0),(-0,0.0991089,-0,4.94744e-05,-0,1.13082,-0,0.00198926,0,-2.54855,0,0.0266613,-0,1.31862,-0,0.11911),(0,-0,0,-0,0,-0,0,-0,0,0,0,-0,0,0,0,-0),(0,0.000174345,-0,8.70315e-08,0,0.00198926,-0,3.49935e-06,-0,-0.00448322,0,4.69004e-05,0,0.00231961,-0,0.000209529),(0,0,0,-0,0,0,0,-0,0,0,0,-0,0,-0,0,-0),(0,-0.223363,0,-0.000111501,0,-2.54855,0,-0.00448322,0,5.7437,0,-0.0600868,0,-2.97179,0,-0.26844),(0,0,0,0,0,0,0,0,0,0,0,0,0,-0,0,0),(0,0.00233668,-0,1.16645e-06,0,0.0266613,-0,4.69004e-05,-0,-0.0600868,0,0.000628588,0,0.0310889,-0,0.00280824),(0,-0,0,0,0,-0,0,0,0,0,0,0,0,0,0,0),(0,0.115568,0,5.76906e-05,0,1.31862,0,0.00231961,-0,-2.97179,-0,0.0310889,0,1.5376,0,0.138891),(0,-0,0,-0,0,-0,0,-0,0,0,0,-0,0,0,0,-0),(0,0.0104392,-0,5.21116e-06,0,0.11911,-0,0.000209529,-0,-0.26844,0,0.00280824,0,0.138891,-0,0.0125459))
ket_n [16,16]((0,-0,0,0,0,-0,0,0,0,0,0,0,0,-0,0,-0),(-0,1.94e-05,-0,-3.185e-05,-0,0.000222558,0,-0.000821897,-0,-0.000483915,0,-0.00486747,0,0.000241958,-0,0.00572122),(0,-0,0,0,0,-0,0,0,0,0,0,0,0,0,0,0),(0,-3.185e-05,0,5.22898e-05,0,-0.000365385,0,0.00134935,0,0.000794469,0,0.00799119,0,-0.000397235,0,-0.00939283),(0,-0,0,0,0,-0,0,0,0,0,0,0,0,-0,0,0),(-0,0.000222558,-0,-0.000365385,-0,0.00255319,-0,-0.00942883,-0,-0.0055515,0,-0.0558398,0,0.00277575,-0,0.0656341),(0,0,0,0,0,-0,0,0,0,0,0,0,0,0,0,0),(0,-0.000821897,0,0.00134935,0,-0.00942883,0,0.0348203,0,0.0205015,0,0.206214,0,-0.0102507,0,-0.242384),(0,-0,0,0,0,-0,0,0,0,0,0,0,0,-0,0,0),(0,-0.000483915,0,0.000794469,0,-0.0055515,0,0.0205015,0,0.0120708,0,0.121415,0,-0.00603541,0,-0.142711),(0,0,0,0,0,0,0,0,0,0,0,0,0,-0,0,0),(0,-0.00486747,0,0.00799119,0,-0.0558398,0,0.206214,0,0.121415,0,1.22125,0,-0.0607073,0,-1.43546),(0,0,0,0,0,0,0,0,0,0,0,0,0,0,0,-0),(-0,0.000241958,0,-0.000397235,-0,0.00277575,0,-0.0102507,-0,-0.00603541,-0,-0.0607073,0,0.00301771,0,0.0713553),(0,-0,0,0,0,-0,0,0,0,0,0,0,0,0,0,-0),(-0,0.00572122,0,-0.00939283,0,0.0656341,0,-0.242384,0,-0.142711,0,-1.43546,-0,0.0713553,-0,1.68723))
ket_v [16,16]((0,0,0,0,0,0,0,0,0,-0,0,0,0,0,0,0),(0,1.94e-05,0,-3.185e-05,0,0.000222558,0,-0.000821897,0,-0.000483915,0,-0.00486747,0,0.000241958,0,0.00572122),(0,0,0,-0,0,0,0,-0,0,0,0,-0,0,0,0,0),(0,-3.185e-05,-0,5.22898e-05,0,-0.000365385,0,0.00134935,0,0.000794469,0,0.00799119,-0,-0.000397235,0,-0.00939283),(0,0,0,0,0,0,0,0,0,-0,0,0,0,0,0,0),(0,0.000222558,0,-0.000365385,0,0.00255319,0,-0.00942883,0,-0.0055515,0,-0.0558398,0,0.00277575,0,0.0656341),(0,0,0,0,0,0,0,0,0,0,0,0,0,0,0,0),(0,-0.000821897,-0,0.00134935,0,-0.00942883,0,0.0348203,0,0.0205015,0,0.206214,-0,-0.0102507,-0,-0.242384),(0,0,0,0,0,0,0,0,0,-0,0,0,0,0,0,0),(-0,-0.000483915,0,0.000794469,-0,-0.0055515,0,0.0205015,-0,0.0120708,-0,0.121415,0,-0.00603541,-0,-0.142711),(0,0,0,0,0,0,0,0,0,-0,0,0,0,0,0,0),(0,-0.00486747,-0,0.00799119,0,-0.0558398,0,0.206214,0,0.121415,0,1.22125,-0,-0.0607073,-0,-1.43546),(0,0,0,-0,0,0,0,-0,0,0,0,-0,0,0,0,0),(0,0.000241958,0,-0.000397235,0,0.00277575,0,-0.0102507,0,-0.00603541,0,-0.0607073,0,0.00301771,0,0.0713553),(0,0,0,0,0,0,0,-0,0,-0,0,-0,0,0,0,0),(0,0.00572122,0,-0.00939283,0,0.0656341,0,-0.242384,0,-0.142711,0,-1.43546,0,0.0713553,0,1.68723))
_gke [16,16]((0.000554474,0,-0.000589413,0,0.00934321,0,-0.0052311,0,0.0231569,0,0.0336868,0,-0.0330546,0,-0.0278663,0),(0,0.00872529,0,-5.93726e-05,0,0.099561,0,-0.0014698,0,-0.22429,0,-0.00740294,0,0.116004,0,0.0218607),(-0.000589413,0,0.00144581,0,-0.00523158,0,0.0172551,0,0.0336808,0,-0.027771,0,-0.0278598,0,0.00907011,0),(0,-5.93726e-05,0,0.000104582,0,-0.000681394,0,0.00269879,0,0.00147766,0,0.0159835,0,-0.000736894,0,-0.0187805),(0.00934321,0,-0.00523158,0,0.184422,0,-0.0210778,0,0.724877,0,0.613444,0,-0.918643,0,-0.587135,0),(0,0.099561,0,-0.000681394,0,1.13611,0,-0.0168724,0,-2.55863,0,-0.0850717,0,1.32296,0,0.25014),(-0.0052311,0,0.0172551,0,-0.0210778,0,0.216319,0,0.613363,0,-0.202604,0,-0.587054,0,-0.0309696,0),(0,-0.0014698,0,0.00269879,0,-0.0168724,0,0.0696441,0,0.0365287,0,0.412476,0,-0.0181865,0,-0.484559),(0.0231569,0,0.0336808,0,0.724877,0,0.613363,0,5.11791,0,1.97496,0,-5.86594,0,-2.622,0),(0,-0.22429,0,0.00147766,0,-2.55863,0,0.0365287,0,5.77383,0,0.182863,0,-2.99092,0,-0.553324),(0.0336868,0,-0.027771,0,0.613444,0,-0.202604,0,1.97496,0,2.13125,0,-2.62209,0,-1.90087,0),(0,-0.00740294,0,0.0159835,0,-0.0850717,0,0.412476,0,0.182863,0,2.44313,0,-0.0903879,0,-2.86811),(-0.0330546,0,-0.0278598,0,-0.918643,0,-0.587054,0,-5.86594,0,-2.62209,0,6.81764,0,3.237,0),(0,0.116004,0,-0.000736894,0,1.32296,0,-0.0181865,0,-2.99092,0,-0.0903879,0,1.55195,0,0.281324),(-0.0278663,0,0.00907011,0,-0.587135,0,-0.0309696,0,-2.622,0,-1.90087,0,3.237,0,1.92277,0),(0,0.0218607,0,-0.0187805,0,0.25014,0,-0.484559,0,-0.553324,0,-2.86811,0,0.281324,0,3.38699))
_gfie [16](-0.0190588,0,-0.00658821,0,-0.475201,0,-0.203402,0,-2.70658,0,-1.42098,0,3.20084,0,1.63097,0)
_gfie [16](0.0190588,-0,0.00658821,-0,0.475201,-0,0.203402,-0,2.70658,-0,1.42098,-0,-3.20084,-0,-1.63097,-0)
lhs [16,16]((0.000964383,0,-0.00102515,0,0.0162504,0,-0.00909831,0,0.0402761,0,0.0585906,0,-0.0574909,0,-0.0484671,0),(0,0.0151757,0,-0.000103265,0,0.173164,0,-0.00255638,0,-0.390102,0,-0.0128757,0,0.201763,0,0.0380218),(-0.00102515,0,0.00251466,0,-0.00909915,0,0.0300113,0,0.0585801,0,-0.0483014,0,-0.0484558,0,0.0157754,0),(0,-0.000103265,0,0.000181897,0,-0.00118513,0,0.00469393,0,0.00257006,0,0.0277998,0,-0.00128166,0,-0.0326644),(0.0162504,0,-0.00909915,0,0.320761,0,-0.03666,0,1.26076,0,1.06695,0,-1.59777,0,-1.02119,0),(0,0.173164,0,-0.00118513,0,1.976,0,-0.0293457,0,-4.45015,0,-0.147963,0,2.30099,0,0.435062),(-0.00909831,0,0.0300113,0,-0.03666,0,0.376238,0,1.06681,0,-0.352384,0,-1.02105,0,-0.0538646,0),(0,-0.00255638,0,0.00469393,0,-0.0293457,0,0.12113,0,0.0635334,0,0.717408,0,-0.0316313,0,-0.842781),(0.0402761,0,0.0585801,0,1.26076,0,1.06681,0,8.90144,0,3.43499,0,-10.2025,0,-4.56038,0),(0,-0.390102,0,0.00257006,0,-4.45015,0,0.0635334,0,10.0423,0,0.318048,0,-5.20202,0,-0.962383),(0.0585906,0,-0.0483014,0,1.06695,0,-0.352384,0,3.43499,0,3.70683,0,-4.56053,0,-3.30614,0),(0,-0.0128757,0,0.0277998,0,-0.147963,0,0.717408,0,0.318048,0,4.24927,0,-0.157209,0,-4.98843),(-0.0574909,0,-0.0484558,0,-1.59777,0,-1.02105,0,-10.2025,0,-4.56053,0,11.8577,0,5.63003,0),(0,0.201763,0,-0.00128166,0,2.30099,0,-0.0316313,0,-5.20202,0,-0.157209,0,2.69927,0,0.489299),(-0.0484671,0,0.0157754,0,-1.02119,0,-0.0538646,0,-4.56038,0,-3.30614,0,5.63003,0,3.34423,0),(0,0.0380218,0,-0.0326644,0,0.435062,0,-0.842781,0,-0.962383,0,-4.98843,0,0.489299,0,5.8909))
rhs [16](0.0331485,-0,0.0114587,-0,0.826505,-0,0.353771,-0,4.70749,-0,2.47148,-0,-5.56714,-0,-2.83671,-0)
BuilderAndSolver: Clear Function called
Pole Nr. 4:
Verschiebung in Z: 3.3333333333333353