A 1
B 0
r1 [3](1,0,0.49759)
r2 [3](2.22045e-16,0,0.00694318)
a 1.11696
b 0.00621615
B_n 0
B_v 0
b_n 0.00621615
b_v 0
Apow2 1
Apow4 1
apow2 1.2476
_dL 1
E11_m 0.123798
E11_cur_n 0.00621615
E11_cur_v 0
S11_m 12.3798
S11_n 0.621615
S11_v 0
eps_dof [16](-0.00144623,-0,-0.000719631,0,-0.0373204,-0,-0.0185702,0,-0.22102,-0,-0.109977,0,0.259787,0,0.129267,0)
eps_dof_2 [16,16]((2.09159e-06,0,0,0,5.3974e-05,0,0,0,0.000319647,0,0,0,-0.000375713,0,0,0),(0,2.09159e-06,0,0,0,5.3974e-05,0,0,0,0.000319647,0,0,0,-0.000375713,0,0),(0,0,2.09159e-06,0,0,0,5.3974e-05,0,0,0,0.000319647,0,0,0,-0.000375713,0),(0,0,0,0,0,0,0,0,0,0,0,0,0,0,0,0),(5.3974e-05,0,0,0,0.00139281,0,0,0,0.00824857,0,0,0,-0.00969536,0,0,0),(0,5.3974e-05,0,0,0,0.00139281,0,0,0,0.00824857,0,0,0,-0.00969536,0,0),(0,0,5.3974e-05,0,0,0,0.00139281,0,0,0,0.00824857,0,0,0,-0.00969536,0),(0,0,0,0,0,0,0,0,0,0,0,0,0,0,0,0),(0.000319647,0,0,0,0.00824857,0,0,0,0.0488501,0,0,0,-0.0574183,0,0,0),(0,0.000319647,0,0,0,0.00824857,0,0,0,0.0488501,0,0,0,-0.0574183,0,0),(0,0,0.000319647,0,0,0,0.00824857,0,0,0,0.0488501,0,0,0,-0.0574183,0),(0,0,0,0,0,0,0,0,0,0,0,0,0,0,0,0),(-0.000375713,0,0,0,-0.00969536,0,0,0,-0.0574183,0,0,0,0.0674894,0,0,0),(0,-0.000375713,0,0,0,-0.00969536,0,0,0,-0.0574183,0,0,0,0.0674894,0,0),(0,0,-0.000375713,0,0,0,-0.00969536,0,0,0,-0.0574183,0,0,0,0.0674894,0),(0,0,0,0,0,0,0,0,0,0,0,0,0,0,0,0))
curve_dof_n [16](-0.00185764,0,0.00373328,0,-0.0212077,0,0.0426208,0,0.0476181,0,-0.0956976,0,-0.0245528,0,0.0493436,0)
curve_dof_v [16](0,-0.00416802,0,-2.08064e-06,0,-0.0475568,0,-8.36582e-05,0,0.107179,0,-0.00112124,0,-0.0554545,0,-0.00500918)
curve_dof_n_2 [16,16]((-4.30889e-06,0,3.26032e-06,0,-8.02069e-05,0,9.95512e-05,0,-0.000274211,0,0.000689479,0,0.000358726,0,-0.000792291,0),(0,2.53758e-06,0,-1.3951e-06,0,4.72223e-05,0,-5.60941e-05,0,0.000161327,0,-0.000751807,0,-0.000211087,0,-0.00335873),(3.26032e-06,0,4.29847e-06,0,2.18633e-05,0,7.99379e-05,0,-0.000274053,0,0.000272618,0,0.000248929,0,-0.000356854,0),(0,-1.3951e-06,0,-6.96424e-10,0,-1.5918e-05,0,-2.80017e-08,0,3.58746e-05,0,-3.75296e-07,0,-1.85615e-05,0,-1.67665e-06),(-8.02069e-05,0,2.18633e-05,0,-0.00127018,0,0.000962048,0,-0.0023408,0,0.00827576,0,0.00369119,0,-0.00925967,0),(0,4.72223e-05,0,-1.5918e-05,0,0.000747367,0,-0.000640029,0,0.00137244,0,-0.00857806,0,-0.00216703,0,-0.0383228),(9.95512e-05,0,7.99379e-05,0,0.000962048,0,0.00126324,0,-0.00471578,0,0.0022997,0,0.00365418,0,-0.00364288,0),(0,-5.60941e-05,0,-2.80017e-08,0,-0.000640029,0,-1.12589e-06,0,0.00144244,0,-1.50899e-05,0,-0.000746318,0,-6.74145e-05),(-0.000274211,0,-0.000274053,0,-0.0023408,0,-0.00471578,0,0.0168235,0,-0.0126588,0,-0.0142085,0,0.0176487,0),(0,0.000161327,0,3.58746e-05,0,0.00137244,0,0.00144244,0,-0.00995657,0,0.0193325,0,0.0084228,0,0.0863685),(0.000689479,0,0.000272618,0,0.00827576,0,0.0022997,0,-0.0126588,0,-0.0170669,0,0.00369359,0,0.0144946,0),(0,-0.000751807,0,-3.75296e-07,0,-0.00857806,0,-1.50899e-05,0,0.0193325,0,-0.000202243,0,-0.0100026,0,-0.00090353),(0.000358726,0,0.000248929,0,0.00369119,0,0.00365418,0,-0.0142085,0,0.00369359,0,0.0101586,0,-0.00759671,0),(0,-0.000211087,0,-1.85615e-05,0,-0.00216703,0,-0.000746318,0,0.0084228,0,-0.0100026,0,-0.00604469,0,-0.044687),(-0.000792291,0,-0.000356854,0,-0.00925967,0,-0.00364288,0,0.0176487,0,0.0144946,0,-0.00759671,0,-0.0104948,0),(0,-0.00335873,0,-1.67665e-06,0,-0.0383228,0,-6.74145e-05,0,0.0863685,0,-0.00090353,0,-0.044687,0,-0.00403656))
curve_dof_v_2 [16,16]((0,-5.3992e-06,0,6.21781e-07,0,-0.000139327,0,2.50005e-05,0,-0.000825131,0,0.000335072,0,0.000969858,0,0.00149695),(-5.3992e-06,0,-1.26358e-06,0,-6.16396e-05,0,-1.43465e-05,0,0.000138401,0,3.33714e-05,0,-7.13623e-05,0,-1.77614e-05,0),(0,-1.26358e-06,0,-1.24959e-06,0,-3.26069e-05,0,-5.02432e-05,0,-0.000193106,0,-0.00067339,0,0.000226977,0,-0.0030084),(6.21781e-07,0,-1.24959e-06,0,7.09853e-06,0,-1.42658e-05,0,-1.59385e-05,0,3.20315e-05,0,8.21822e-06,0,-1.65161e-05,0),(0,-6.16396e-05,0,7.09853e-06,0,-0.00159062,0,0.000285417,0,-0.00942006,0,0.00382533,0,0.0110723,0,0.0170898),(-0.000139327,0,-3.26069e-05,0,-0.00159062,0,-0.000370214,0,0.00357147,0,0.000861157,0,-0.00184152,0,-0.000458336,0),(0,-1.43465e-05,0,-1.42658e-05,0,-0.000370214,0,-0.000573599,0,-0.0021925,0,-0.00768772,0,0.00257706,0,-0.0343452),(2.50005e-05,0,-5.02432e-05,0,0.000285417,0,-0.000573599,0,-0.000640854,0,0.00128792,0,0.000330437,0,-0.000664075,0),(0,0.000138401,0,-1.59385e-05,0,0.00357147,0,-0.000640854,0,0.0211511,0,-0.00858912,0,-0.024861,0,-0.0383722),(-0.000825131,0,-0.000193106,0,-0.00942006,0,-0.0021925,0,0.0211511,0,0.00509998,0,-0.0109059,0,-0.00271438,0),(0,3.33714e-05,0,3.20315e-05,0,0.000861157,0,0.00128792,0,0.00509998,0,0.0172615,0,-0.00599451,0,0.0771162),(0.000335072,0,-0.00067339,0,0.00382533,0,-0.00768772,0,-0.00858912,0,0.0172615,0,0.00442872,0,-0.00890034,0),(0,-7.13623e-05,0,8.21822e-06,0,-0.00184152,0,0.000330437,0,-0.0109059,0,0.00442872,0,0.0128188,0,0.0197855),(0.000969858,0,0.000226977,0,0.0110723,0,0.00257706,0,-0.024861,0,-0.00599451,0,0.0128188,0,0.00319048,0),(0,-1.77614e-05,0,-1.65161e-05,0,-0.000458336,0,-0.000664075,0,-0.00271438,0,-0.00890034,0,0.00319048,0,-0.0397626),(0.00149695,0,-0.0030084,0,0.0170898,0,-0.0343452,0,-0.0383722,0,0.0771162,0,0.0197855,0,-0.0397626,0))
torsion_dof_n [16](0,-0.000880909,0,0.00144623,0,-0.0101058,0,0.0373204,0,0.0219735,0,0.22102,0,-0.0109867,0,-0.259787)
torsion_dof_v [16](0,0.000880909,0,-0.00144623,0,0.0101058,0,-0.0373204,0,-0.0219735,0,-0.22102,0,0.0109867,0,0.259787)
torsion_dof_n_2 [16,16]((0,-2.16176e-06,0,1.21471e-21,0,-2.47998e-05,0,3.28953e-20,0,5.39232e-05,0,2.7338e-19,0,-2.69616e-05,0,8.34327e-20),(-2.16176e-06,0,-7.76218e-07,0,-5.57848e-05,0,1.66674e-05,0,-0.000330371,0,0.000336524,0,0.000388317,0,-0.000352415,0),(0,-7.76218e-07,0,7.23783e-23,0,-4.56027e-05,0,2.91168e-21,0,-0.000435787,0,6.62803e-20,0,0.000482166,0,-5.59042e-20),(1.21462e-21,0,7.25799e-23,0,2.759e-20,0,2.03288e-20,0,1.12095e-19,0,9.29023e-21,0,-2.82663e-20,0,-8.24764e-20,0),(0,-5.57848e-05,0,2.75914e-20,0,-0.000639965,0,8.59103e-19,0,0.0013915,0,5.59042e-18,0,-0.00069575,0,3.1984e-18),(-2.47998e-05,0,-4.56027e-05,0,-0.000639965,0,-0.00022979,0,-0.00379003,0,0.00477601,0,0.0044548,0,-0.00450062,0),(0,1.66674e-05,0,2.03288e-20,0,-0.00022979,0,4.33681e-19,0,-0.00563725,0,3.90313e-18,0,0.00585037,0,1.30104e-18),(3.2892e-20,0,2.91828e-21,0,8.59051e-19,0,4.33681e-19,0,3.02232e-18,0,3.7354e-19,0,-6.97214e-19,0,-4.80373e-19,0),(0,-0.000330371,0,1.121e-19,0,-0.00379003,0,3.02221e-18,0,0.0082408,0,1.60462e-17,0,-0.0041204,0,-4.77049e-17),(5.39232e-05,0,-0.000435787,0,0.0013915,0,-0.00563725,0,0.0082408,0,0.002959,0,-0.00968623,0,0.00311403,0),(0,0.000336524,0,9.26442e-21,0,0.00477601,0,3.72694e-19,0,0.002959,0,-1.89735e-19,0,-0.00807154,0,-1.92988e-17),(2.73368e-19,0,6.62176e-20,0,5.59123e-18,0,3.90313e-18,0,1.60406e-17,0,-1.97759e-19,0,-4.09525e-18,0,-9.29942e-18,0),(0,0.000388317,0,-2.82697e-20,0,0.0044548,0,-6.97955e-19,0,-0.00968623,0,-4.09286e-18,0,0.00484311,0,1.27936e-17),(-2.69616e-05,0,0.000482166,0,-0.00069575,0,0.00585037,0,-0.0041204,0,-0.00807154,0,0.00484311,0,0.001739,0),(0,-0.000352415,0,-8.24798e-20,0,-0.00450062,0,-4.81115e-19,0,0.00311403,0,-9.29703e-18,0,0.001739,0,4.11997e-18),(8.3484e-20,0,-5.5656e-20,0,3.20202e-18,0,1.30104e-18,0,-4.76963e-17,0,-1.9267e-17,0,1.28167e-17,0,4.1431e-18,0))
torsion_dof_v_2 [16,16]((0,2.16176e-06,0,-1.25256e-21,0,2.47998e-05,0,-3.28159e-20,0,-5.39232e-05,0,-2.50298e-19,0,2.69616e-05,0,-6.52215e-20),(2.16176e-06,0,7.76218e-07,0,5.57848e-05,0,-1.66674e-05,0,0.000330371,0,-0.000336524,0,-0.000388317,0,0.000352415,0),(0,7.76218e-07,0,-7.85822e-23,0,4.56027e-05,0,-2.02494e-21,0,0.000435787,0,-3.91753e-20,0,-0.000482166,0,1.36372e-19),(-1.25256e-21,0,-7.85822e-23,0,-2.61621e-20,0,-2.19567e-20,0,-1.14641e-19,0,-1.35525e-20,0,3.03608e-20,0,7.42742e-20,0),(0,5.57848e-05,0,-2.61621e-20,0,0.000639965,0,-8.44704e-19,0,-0.0013915,0,-5.70392e-18,0,0.00069575,0,-2.76472e-18),(2.47998e-05,0,4.56027e-05,0,0.000639965,0,0.00022979,0,0.00379003,0,-0.00477601,0,-0.0044548,0,0.00450062,0),(0,-1.66674e-05,0,-2.19567e-20,0,0.00022979,0,-4.54857e-19,0,0.00563725,0,-3.80148e-18,0,-0.00585037,0,-4.06576e-19),(-3.28159e-20,0,-2.02494e-21,0,-8.44704e-19,0,-4.54857e-19,0,-2.77064e-18,0,-4.33681e-19,0,6.91179e-19,0,9.52065e-19,0),(0,0.000330371,0,-1.14641e-19,0,0.00379003,0,-2.77064e-18,0,-0.0082408,0,-1.56803e-17,0,0.0041204,0,5.23128e-17),(-5.39232e-05,0,0.000435787,0,-0.0013915,0,0.00563725,0,-0.0082408,0,-0.002959,0,0.00968623,0,-0.00311403,0),(0,-0.000336524,0,-1.35525e-20,0,-0.00477601,0,-4.33681e-19,0,-0.002959,0,0,0,0.00807154,0,2.08167e-17),(-2.50298e-19,0,-3.91753e-20,0,-5.70392e-18,0,-3.80148e-18,0,-1.56803e-17,0,0,0,5.00088e-18,0,8.23994e-18,0),(0,-0.000388317,0,3.03608e-20,0,-0.0044548,0,6.91179e-19,0,0.00968623,0,5.00088e-18,0,-0.00484311,0,-1.3932e-17),(2.69616e-05,0,-0.000482166,0,0.00069575,0,-0.00585037,0,0.0041204,0,0.00807154,0,-0.00484311,0,-0.001739,0),(0,0.000352415,0,7.42742e-20,0,0.00450062,0,9.52065e-19,0,-0.00311403,0,8.23994e-18,0,-0.001739,0,-3.68629e-18),(-6.52215e-20,0,1.36372e-19,0,-2.76472e-18,0,-4.06576e-19,0,5.23128e-17,0,2.08167e-17,0,-1.3932e-17,0,-3.68629e-18,0))
kem [16,16]((0.000235053,0,0.000104076,0,0.00606559,0,0.00268569,0,0.0359219,0,0.0159053,0,-0.0422225,0,-0.0186951,0),(0,2.58935e-05,0,0,0,0.000668186,0,0,0,0.00395716,0,0,0,-0.00465124,0,0),(0.000104076,0,7.76804e-05,0,0.00268569,0,0.00200456,0,0.0159053,0,0.0118715,0,-0.0186951,0,-0.0139537,0),(0,0,0,0,0,0,0,0,0,0,0,0,0,0,0,0),(0.00606559,0,0.00268569,0,0.156524,0,0.0693049,0,0.926973,0,0.41044,0,-1.08956,0,-0.482431,0),(0,0.000668186,0,0,0,0.0172427,0,0,0,0.102115,0,0,0,-0.120026,0,0),(0.00268569,0,0.00200456,0,0.0693049,0,0.0517281,0,0.41044,0,0.306346,0,-0.482431,0,-0.360079,0),(0,0,0,0,0,0,0,0,0,0,0,0,0,0,0,0),(0.0359219,0,0.0159053,0,0.926973,0,0.41044,0,5.48976,0,2.43073,0,-6.45265,0,-2.85707,0),(0,0.00395716,0,0,0,0.102115,0,0,0,0.604753,0,0,0,-0.710825,0,0),(0.0159053,0,0.0118715,0,0.41044,0,0.306346,0,2.43073,0,1.81426,0,-2.85707,0,-2.13248,0),(0,0,0,0,0,0,0,0,0,0,0,0,0,0,0,0),(-0.0422225,0,-0.0186951,0,-1.08956,0,-0.482431,0,-6.45265,0,-2.85707,0,7.58444,0,3.3582,0),(0,-0.00465124,0,0,0,-0.120026,0,0,0,-0.710825,0,0,0,0.835503,0,0),(-0.0186951,0,-0.0139537,0,-0.482431,0,-0.360079,0,-2.85707,0,-2.13248,0,3.3582,0,2.50651,0),(0,0,0,0,0,0,0,0,0,0,0,0,0,0,0,0))
keb_n [16,16]((0.000342404,0,-0.000691482,0,0.00388976,0,-0.00785552,0,-0.00901619,0,0.0182058,0,0.00478403,0,-0.00965876,0),(0,1.5774e-06,0,-8.67218e-07,0,2.93541e-05,0,-3.48689e-05,0,0.000100284,0,-0.000467335,0,-0.000131215,0,-0.00208784),(-0.000691482,0,0.00139641,0,-0.00790382,0,0.0159612,0,0.0176068,0,-0.0355571,0,-0.00901152,0,0.0181995,0),(0,-8.67218e-07,0,-4.32908e-10,0,-9.89488e-06,0,-1.74063e-08,0,2.23002e-05,0,-2.3329e-07,0,-1.15381e-05,0,-1.04223e-06),(0.00388976,0,-0.00790382,0,0.0441869,0,-0.0897906,0,-0.102442,0,0.208096,0,0.0543653,0,-0.110402,0),(0,2.93541e-05,0,-9.89488e-06,0,0.000464575,0,-0.000397852,0,0.000853128,0,-0.00533225,0,-0.00134706,0,-0.023822),(-0.00785552,0,0.0159612,0,-0.0897906,0,0.182438,0,0.200021,0,-0.406441,0,-0.102375,0,0.208042,0),(0,-3.48689e-05,0,-1.74063e-08,0,-0.000397852,0,-6.9987e-07,0,0.000896643,0,-9.38009e-06,0,-0.000463923,0,-4.19059e-05),(-0.00901619,0,0.0176068,0,-0.102442,0,0.200021,0,0.237206,0,-0.463563,0,-0.125748,0,0.245935,0),(0,0.000100284,0,2.23002e-05,0,0.000853128,0,0.000896643,0,-0.00618916,0,0.0120174,0,0.00523574,0,0.053688),(0.0182058,0,-0.0355571,0,0.208096,0,-0.406441,0,-0.463563,0,0.905194,0,0.237261,0,-0.463196,0),(0,-0.000467335,0,-2.3329e-07,0,-0.00533225,0,-9.38009e-06,0,0.0120174,0,-0.000125718,0,-0.00621778,0,-0.000561648),(0.00478403,0,-0.00901152,0,0.0543653,0,-0.102375,0,-0.125748,0,0.237261,0,0.0665989,0,-0.125875,0),(0,-0.000131215,0,-1.15381e-05,0,-0.00134706,0,-0.000463923,0,0.00523574,0,-0.00621778,0,-0.00375747,0,-0.0277781),(-0.00965876,0,0.0181995,0,-0.110402,0,0.208042,0,0.245935,0,-0.463196,0,-0.125875,0,0.236955,0),(0,-0.00208784,0,-1.04223e-06,0,-0.023822,0,-4.19059e-05,0,0.053688,0,-0.000561648,0,-0.0277781,0,-0.00250919))
keb_v [16,16]((0,-0,0,0,0,-0,0,0,0,0,0,0,0,0,0,0),(-0,0.00868621,-0,4.33609e-06,-0,0.0991089,-0,0.000174345,0,-0.223363,0,0.00233668,-0,0.115568,-0,0.0104392),(0,-0,0,-0,0,-0,0,-0,0,0,0,-0,0,0,0,-0),(0,4.33609e-06,-0,2.16454e-09,0,4.94744e-05,-0,8.70315e-08,-0,-0.000111501,0,1.16645e-06,0,5.76906e-05,-0,5.21116e-06),(0,-0,0,0,0,-0,0,0,0,0,0,0,0,0,0,0),(-0,0.0991089,-0,4.94744e-05,-0,1.13082,-0,0.00198926,0,-2.54855,0,0.0266613,-0,1.31862,-0,0.11911),(0,-0,0,-0,0,-0,0,-0,0,0,0,-0,0,0,0,-0),(0,0.000174345,-0,8.70315e-08,0,0.00198926,-0,3.49935e-06,-0,-0.00448322,0,4.69004e-05,0,0.00231961,-0,0.000209529),(0,0,0,-0,0,0,0,-0,0,0,0,-0,0,-0,0,-0),(0,-0.223363,0,-0.000111501,0,-2.54855,0,-0.00448322,0,5.7437,0,-0.0600868,0,-2.97179,0,-0.26844),(0,0,0,0,0,0,0,0,0,0,0,0,0,-0,0,0),(0,0.00233668,-0,1.16645e-06,0,0.0266613,-0,4.69004e-05,-0,-0.0600868,0,0.000628588,0,0.0310889,-0,0.00280824),(0,-0,0,0,0,-0,0,0,0,0,0,0,0,0,0,0),(0,0.115568,0,5.76906e-05,0,1.31862,0,0.00231961,-0,-2.97179,-0,0.0310889,0,1.5376,0,0.138891),(0,-0,0,-0,0,-0,0,-0,0,0,0,-0,0,0,0,-0),(0,0.0104392,-0,5.21116e-06,0,0.11911,-0,0.000209529,-0,-0.26844,0,0.00280824,0,0.138891,-0,0.0125459))
ket_n [16,16]((0,-0,0,0,0,-0,0,0,0,0,0,0,0,-0,0,0),(-0,1.94e-05,-0,-3.185e-05,-0,0.000222558,0,-0.000821897,-0,-0.000483915,0,-0.00486747,0,0.000241958,-0,0.00572122),(0,-0,0,0,0,-0,0,0,0,0,0,0,0,0,0,-0),(0,-3.185e-05,0,5.22898e-05,0,-0.000365385,0,0.00134935,0,0.000794469,0,0.00799119,0,-0.000397235,0,-0.00939283),(0,-0,0,0,0,-0,0,0,0,0,0,0,0,-0,0,0),(-0,0.000222558,-0,-0.000365385,-0,0.00255319,-0,-0.00942883,-0,-0.0055515,0,-0.0558398,0,0.00277575,-0,0.0656341),(0,0,0,0,0,-0,0,0,0,0,0,0,0,0,0,0),(0,-0.000821897,0,0.00134935,0,-0.00942883,0,0.0348203,0,0.0205015,0,0.206214,0,-0.0102507,0,-0.242384),(0,-0,0,0,0,-0,0,0,0,0,0,0,0,-0,0,-0),(0,-0.000483915,0,0.000794469,0,-0.0055515,0,0.0205015,0,0.0120708,0,0.121415,0,-0.00603541,0,-0.142711),(0,0,0,0,0,0,0,0,0,0,0,0,0,-0,0,-0),(0,-0.00486747,0,0.00799119,0,-0.0558398,0,0.206214,0,0.121415,0,1.22125,0,-0.0607073,0,-1.43546),(0,0,0,0,0,0,0,0,0,0,0,0,0,0,0,0),(-0,0.000241958,0,-0.000397235,-0,0.00277575,0,-0.0102507,-0,-0.00603541,-0,-0.0607073,0,0.00301771,0,0.0713553),(0,-0,0,0,0,-0,0,0,0,0,0,0,0,0,0,0),(0,0.00572122,-0,-0.00939283,0,0.0656341,0,-0.242384,-0,-0.142711,-0,-1.43546,0,0.0713553,0,1.68723))
ket_v [16,16]((0,0,0,-0,0,0,0,-0,0,-0,0,-0,0,0,0,0),(0,1.94e-05,0,-3.185e-05,0,0.000222558,0,-0.000821897,0,-0.000483915,0,-0.00486747,0,0.000241958,0,0.00572122),(0,0,0,-0,0,0,0,-0,0,0,0,-0,0,0,0,0),(-0,-3.185e-05,-0,5.22898e-05,-0,-0.000365385,-0,0.00134935,-0,0.000794469,-0,0.00799119,0,-0.000397235,0,-0.00939283),(0,0,0,-0,0,0,0,-0,0,-0,0,-0,0,0,0,0),(0,0.000222558,0,-0.000365385,0,0.00255319,0,-0.00942883,0,-0.0055515,0,-0.0558398,0,0.00277575,0,0.0656341),(0,0,0,-0,0,0,0,-0,0,0,0,-0,0,0,0,0),(-0,-0.000821897,-0,0.00134935,-0,-0.00942883,-0,0.0348203,-0,0.0205015,-0,0.206214,0,-0.0102507,0,-0.242384),(0,0,0,-0,0,0,0,-0,0,-0,0,-0,0,0,0,0),(-0,-0.000483915,0,0.000794469,-0,-0.0055515,0,0.0205015,-0,0.0120708,-0,0.121415,0,-0.00603541,-0,-0.142711),(0,0,0,-0,0,0,0,-0,0,-0,0,0,0,0,0,0),(-0,-0.00486747,-0,0.00799119,-0,-0.0558398,-0,0.206214,-0,0.121415,0,1.22125,0,-0.0607073,0,-1.43546),(0,0,0,0,0,0,0,0,0,0,0,0,0,0,0,0),(0,0.000241958,0,-0.000397235,0,0.00277575,0,-0.0102507,0,-0.00603541,0,-0.0607073,0,0.00301771,0,0.0713553),(0,0,0,0,0,0,0,0,0,-0,0,0,0,0,0,0),(0,0.00572122,0,-0.00939283,0,0.0656341,0,-0.242384,0,-0.142711,0,-1.43546,0,0.0713553,0,1.68723))
_gke [16,16]((0.000577457,0,-0.000587407,0,0.00995535,0,-0.00516983,0,0.0269057,0,0.0341111,0,-0.0374385,0,-0.0283539,0),(0,0.00875248,0,-6.02311e-05,0,0.100252,0,-0.00150432,0,-0.220273,0,-0.0078656,0,0.111269,0,0.0197938),(-0.000587407,0,0.00147409,0,-0.00521812,0,0.0179658,0,0.0335121,0,-0.0236856,0,-0.0277066,0,0.00424577,0),(0,-6.02311e-05,0,0.000104581,0,-0.00069119,0,0.00269877,0,0.00149974,0,0.0159833,0,-0.000748317,0,-0.0187815),(0.00995535,0,-0.00521812,0,0.200711,0,-0.0204857,0,0.824531,0,0.618537,0,-1.0352,0,-0.592833,0),(0,0.100252,0,-0.00069119,0,1.15364,0,-0.0172663,0,-2.45669,0,-0.0903507,0,1.2028,0,0.226556),(-0.00516983,0,0.0179658,0,-0.0204857,0,0.234166,0,0.610461,0,-0.100095,0,-0.584806,0,-0.152037,0),(0,-0.00150432,0,0.00269877,0,-0.0172663,0,0.0696434,0,0.0374163,0,0.412466,0,-0.0186458,0,-0.4846),(0.0269057,0,0.0335121,0,0.824531,0,0.610461,0,5.72696,0,1.96717,0,-6.5784,0,-2.61114,0),(0,-0.220273,0,0.00149974,0,-2.45669,0,0.0374163,0,6.36641,0,0.19476,0,-3.68945,0,-0.500173),(0.0341111,0,-0.0236856,0,0.618537,0,-0.100095,0,1.96717,0,2.71945,0,-2.61981,0,-2.59567,0),(0,-0.0078656,0,0.0159833,0,-0.0903507,0,0.412466,0,0.19476,0,2.44301,0,-0.0965435,0,-2.86867),(-0.0374385,0,-0.0277066,0,-1.0352,0,-0.584806,0,-6.5784,0,-2.61981,0,7.65104,0,3.23233,0),(0,0.111269,0,-0.000748317,0,1.2028,0,-0.0186458,0,-3.68945,0,-0.0965435,0,2.37538,0,0.253823),(-0.0283539,0,0.00424577,0,-0.592833,0,-0.152037,0,-2.61114,0,-2.59567,0,3.23233,0,2.74346,0),(0,0.0197938,0,-0.0187815,0,0.226556,0,-0.4846,0,-0.500173,0,-2.86867,0,0.253823,0,3.3845))
_gfie [16](-0.0190588,0,-0.00658821,0,-0.475201,0,-0.203402,0,-2.70658,0,-1.42098,0,3.20084,0,1.63097,0)
_gfie [16](0.0190588,-0,0.00658821,-0,0.475201,-0,0.203402,-0,2.70658,-0,1.42098,-0,-3.20084,-0,-1.63097,-0)
lhs [16,16]((0.00100436,0,-0.00102166,0,0.0173151,0,-0.00899176,0,0.0467964,0,0.0593285,0,-0.0651159,0,-0.0493151,0),(0,0.015223,0,-0.000104758,0,0.174365,0,-0.00261642,0,-0.383116,0,-0.0136804,0,0.193528,0,0.0344268),(-0.00102166,0,0.00256385,0,-0.00907575,0,0.0312474,0,0.0582868,0,-0.0411958,0,-0.0481894,0,0.00738456,0),(0,-0.000104758,0,0.000181896,0,-0.00120217,0,0.0046939,0,0.00260846,0,0.0277993,0,-0.00130153,0,-0.0326662),(0.0173151,0,-0.00907575,0,0.349091,0,-0.0356303,0,1.43409,0,1.07581,0,-1.80049,0,-1.0311,0),(0,0.174365,0,-0.00120217,0,2.00649,0,-0.0300308,0,-4.27285,0,-0.157145,0,2.09199,0,0.394044),(-0.00899176,0,0.0312474,0,-0.0356303,0,0.40728,0,1.06176,0,-0.174092,0,-1.01714,0,-0.264435,0),(0,-0.00261642,0,0.0046939,0,-0.0300308,0,0.121129,0,0.0650773,0,0.717392,0,-0.0324301,0,-0.842853),(0.0467964,0,0.0582868,0,1.43409,0,1.06176,0,9.96076,0,3.42144,0,-11.4416,0,-4.54149,0),(0,-0.383116,0,0.00260846,0,-4.27285,0,0.0650773,0,11.0729,0,0.338741,0,-6.41696,0,-0.869938),(0.0593285,0,-0.0411958,0,1.07581,0,-0.174092,0,3.42144,0,4.72987,0,-4.55657,0,-4.51458,0),(0,-0.0136804,0,0.0277993,0,-0.157145,0,0.717392,0,0.338741,0,4.24906,0,-0.167916,0,-4.9894),(-0.0651159,0,-0.0481894,0,-1.80049,0,-1.01714,0,-11.4416,0,-4.55657,0,13.3073,0,5.6219,0),(0,0.193528,0,-0.00130153,0,2.09199,0,-0.0324301,0,-6.41696,0,-0.167916,0,4.13144,0,0.441468),(-0.0493151,0,0.00738456,0,-1.0311,0,-0.264435,0,-4.54149,0,-4.51458,0,5.6219,0,4.77163,0),(0,0.0344268,0,-0.0326662,0,0.394044,0,-0.842853,0,-0.869938,0,-4.9894,0,0.441468,0,5.88658))
rhs [16](0.0331485,-0,0.0114587,-0,0.826505,-0,0.353771,-0,4.70749,-0,2.47148,-0,-5.56714,-0,-2.83671,-0)
BuilderAndSolver: Clear Function called
Pole Nr. 4:
Verschiebung in Z: 3.3333333333333317