R1 [3](10,0,0)
R2 [3](3.55271e-14,0,0)
A 10
B 0
r1 [3](10,0,0)
r2 [3](3.55271e-14,0,0)
a 10
b 0
B_n 0
B_v 0
C_12 0
C_13 0
b_n 0
b_v 0
c_12 0
c_13 0
c_12 0
c_12 0
_dL 10
E11_m 0
E11_cur_n 0
E11_cur_v 0
E12 0
E13 0
S11_m 0
S11_n 0
S11_v 0
S12 0
S13 0
eps_dof [16](-0.00144623,-0,-0,0,-0.0373204,-0,-0,0,-0.22102,-0,-0,0,0.259787,0,0,0)
eps_dof_2 [16,16]((2.09159e-08,0,0,0,5.3974e-07,0,0,0,3.19647e-06,0,0,0,-3.75713e-06,0,0,0),(0,2.09159e-08,0,0,0,5.3974e-07,0,0,0,3.19647e-06,0,0,0,-3.75713e-06,0,0),(0,0,2.09159e-08,0,0,0,5.3974e-07,0,0,0,3.19647e-06,0,0,0,-3.75713e-06,0),(0,0,0,0,0,0,0,0,0,0,0,0,0,0,0,0),(5.3974e-07,0,0,0,1.39281e-05,0,0,0,8.24857e-05,0,0,0,-9.69536e-05,0,0,0),(0,5.3974e-07,0,0,0,1.39281e-05,0,0,0,8.24857e-05,0,0,0,-9.69536e-05,0,0),(0,0,5.3974e-07,0,0,0,1.39281e-05,0,0,0,8.24857e-05,0,0,0,-9.69536e-05,0),(0,0,0,0,0,0,0,0,0,0,0,0,0,0,0,0),(3.19647e-06,0,0,0,8.24857e-05,0,0,0,0.000488501,0,0,0,-0.000574183,0,0,0),(0,3.19647e-06,0,0,0,8.24857e-05,0,0,0,0.000488501,0,0,0,-0.000574183,0,0),(0,0,3.19647e-06,0,0,0,8.24857e-05,0,0,0,0.000488501,0,0,0,-0.000574183,0),(0,0,0,0,0,0,0,0,0,0,0,0,0,0,0,0),(-3.75713e-06,0,0,0,-9.69536e-05,0,0,0,-0.000574183,0,0,0,0.000674894,0,0,0),(0,-3.75713e-06,0,0,0,-9.69536e-05,0,0,0,-0.000574183,0,0,0,0.000674894,0,0),(0,0,-3.75713e-06,0,0,0,-9.69536e-05,0,0,0,-0.000574183,0,0,0,0.000674894,0),(0,0,0,0,0,0,0,0,0,0,0,0,0,0,0,0))
curve_dof_n [16](0,0,0.416591,0,0,0,4.75023,0,0,0,-10.7502,0,0,0,5.58341,0)
curve_dof_v [16](0,-0.416591,0,0,0,-4.75023,0,0,0,10.7502,0,0,0,-5.58341,0,0)
curve_dof_n_2 [16,16]((0,0,0.000602488,0,0,0,0.0155473,0,0,0,0.0920752,0,0,0,-0.108225,0),(0,0,0,-0.00013944,0,0,0,-0.00560656,0,0,0,-0.0751426,0,0,0,-0.335702),(0.000602488,0,0,0,0.00686994,0,0,0,-0.0155473,0,0,0,0.00807492,0,0,0),(0,-0.00013944,0,0,0,-0.00158998,0,0,0,0.00359827,0,0,0,-0.00186885,0,0),(0,0,0.00686994,0,0,0,0.17728,0,0,0,1.0499,0,0,0,-1.23405,0),(0,0,0,-0.00158998,0,0,0,-0.0639295,0,0,0,-0.856822,0,0,0,-3.82789),(0.0155473,0,0,0,0.17728,0,0,0,-0.401203,0,0,0,0.208375,0,0,0),(0,-0.00560656,0,0,0,-0.0639295,0,0,0,0.144679,0,0,0,-0.0751426,0,0),(0,0,-0.0155473,0,0,0,-0.401203,0,0,0,-2.37602,0,0,0,2.79277,0),(0,0,0,0.00359827,0,0,0,0.144679,0,0,0,1.93907,0,0,0,8.66288),(0.0920752,0,0,0,1.0499,0,0,0,-2.37602,0,0,0,1.23405,0,0,0),(0,-0.0751426,0,0,0,-0.856822,0,0,0,1.93907,0,0,0,-1.00711,0,0),(0,0,0.00807492,0,0,0,0.208375,0,0,0,1.23405,0,0,0,-1.4505,0),(0,0,0,-0.00186885,0,0,0,-0.0751426,0,0,0,-1.00711,0,0,0,-4.49929),(-0.108225,0,0,0,-1.23405,0,0,0,2.79277,0,0,0,-1.4505,0,0,0),(0,-0.335702,0,0,0,-3.82789,0,0,0,8.66288,0,0,0,-4.49929,0,0))
curve_dof_v_2 [16,16]((0,-0.000602488,0,0,0,-0.0155473,0,0,0,-0.0920752,0,0,0,0.108225,0,0),(-0.000602488,0,0,0,-0.00686994,0,0,0,0.0155473,0,0,0,-0.00807492,0,0,0),(0,0,0,-0.00013944,0,0,0,-0.00560656,0,0,0,-0.0751426,0,0,0,-0.335702),(0,0,-0.00013944,0,0,0,-0.00158998,0,0,0,0.00359827,0,0,0,-0.00186885,0),(0,-0.00686994,0,0,0,-0.17728,0,0,0,-1.0499,0,0,0,1.23405,0,0),(-0.0155473,0,0,0,-0.17728,0,0,0,0.401203,0,0,0,-0.208375,0,0,0),(0,0,0,-0.00158998,0,0,0,-0.0639295,0,0,0,-0.856822,0,0,0,-3.82789),(0,0,-0.00560656,0,0,0,-0.0639295,0,0,0,0.144679,0,0,0,-0.0751426,0),(0,0.0155473,0,0,0,0.401203,0,0,0,2.37602,0,0,0,-2.79277,0,0),(-0.0920752,0,0,0,-1.0499,0,0,0,2.37602,0,0,0,-1.23405,0,0,0),(0,0,0,0.00359827,0,0,0,0.144679,0,0,0,1.93907,0,0,0,8.66288),(0,0,-0.0751426,0,0,0,-0.856822,0,0,0,1.93907,0,0,0,-1.00711,0),(0,-0.00807492,0,0,0,-0.208375,0,0,0,-1.23405,0,0,0,1.4505,0,0),(0.108225,0,0,0,1.23405,0,0,0,-2.79277,0,0,0,1.4505,0,0,0),(0,0,0,-0.00186885,0,0,0,-0.0751426,0,0,0,-1.00711,0,0,0,-4.49929),(0,0,-0.335702,0,0,0,-3.82789,0,0,0,8.66288,0,0,0,-4.49929,0))
torsion_dof_n [16](0,0,0,0.0144623,0,0,0,0.373204,0,0,0,2.2102,0,0,0,-2.59787)
torsion_dof_v [16](0,0,0,-0.0144623,0,0,0,-0.373204,0,0,0,-2.2102,0,0,0,2.59787)
torsion_dof_n_2 [16,16]((0,0,0,-2.32256e-21,0,0,0,-9.3385e-20,0,0,0,-1.2516e-18,0,0,0,-5.59158e-18),(0,0,0,0,0,0,0.00043387,0,0,0,0.00538113,0,0,0,-0.005815,0),(0,0,0,0,0,-0.00043387,0,0,0,-0.00538113,0,0,0,0.005815,0,0),(-2.32256e-21,0,0,0,3.71609e-20,0,0,0,1.20423e-18,0,0,0,0,0,0,0),(0,0,0,3.71609e-20,0,0,0,1.49416e-18,0,0,0,2.00256e-17,0,0,0,8.94653e-17),(0,0,-0.00043387,0,0,0,0,0,0,0,0.072555,0,0,0,-0.0721211,0),(0,0.00043387,0,0,0,0,0,0,0,-0.072555,0,0,0,0.0721211,0,0),(-9.3385e-20,0,0,0,1.49416e-18,0,0,0,3.10755e-17,0,0,0,0,0,0,0),(0,0,0,1.20423e-18,0,0,0,3.10755e-17,0,0,0,1.84037e-16,0,0,0,-2.16316e-16),(0,0,-0.00538113,0,0,0,-0.072555,0,0,0,0,0,0,0,0.0779361,0),(0,0.00538113,0,0,0,0.072555,0,0,0,0,0,0,0,-0.0779361,0,0),(-1.2516e-18,0,0,0,2.00256e-17,0,0,0,1.84037e-16,0,0,0,0,0,0,0),(0,0,0,0,0,0,0,0,0,0,0,0,0,0,0,0),(0,0,0.005815,0,0,0,0.0721211,0,0,0,-0.0779361,0,0,0,0,0),(0,-0.005815,0,0,0,-0.0721211,0,0,0,0.0779361,0,0,0,0,0,0),(-5.59158e-18,0,0,0,8.94653e-17,0,0,0,-2.16316e-16,0,0,0,0,0,0,0))
torsion_dof_v_2 [16,16]((0,0,0,2.32256e-21,0,0,0,9.3385e-20,0,0,0,1.2516e-18,0,0,0,5.59158e-18),(0,0,0,0,0,0,-0.00043387,0,0,0,-0.00538113,0,0,0,0.005815,0),(0,0,0,0,0,0.00043387,0,0,0,0.00538113,0,0,0,-0.005815,0,0),(2.32256e-21,0,0,0,-3.71609e-20,0,0,0,-1.20423e-18,0,0,0,0,0,0,0),(0,0,0,-3.71609e-20,0,0,0,-1.49416e-18,0,0,0,-2.00256e-17,0,0,0,-8.94653e-17),(0,0,0.00043387,0,0,0,0,0,0,0,-0.072555,0,0,0,0.0721211,0),(0,-0.00043387,0,0,0,0,0,0,0,0.072555,0,0,0,-0.0721211,0,0),(9.3385e-20,0,0,0,-1.49416e-18,0,0,0,-3.10755e-17,0,0,0,0,0,0,0),(0,0,0,-1.20423e-18,0,0,0,-3.10755e-17,0,0,0,-1.84037e-16,0,0,0,2.16316e-16),(0,0,0.00538113,0,0,0,0.072555,0,0,0,0,0,0,0,-0.0779361,0),(0,-0.00538113,0,0,0,-0.072555,0,0,0,0,0,0,0,0.0779361,0,0),(1.2516e-18,0,0,0,-2.00256e-17,0,0,0,-1.84037e-16,0,0,0,0,0,0,0),(0,0,0,0,0,0,0,0,0,0,0,0,0,0,0,0),(0,0,-0.005815,0,0,0,-0.0721211,0,0,0,0.0779361,0,0,0,0,0),(0,0.005815,0,0,0,0.0721211,0,0,0,-0.0779361,0,0,0,0,0,0),(5.59158e-18,0,0,0,-8.94653e-17,0,0,0,2.16316e-16,0,0,0,0,0,0,0))
ResidualBasedBlockBuilderAndSolver: Build time: 0.191847
ResidualBasedBlockBuilderAndSolver: System solve time: 0.000183182
 MESH MOVED
RESIDUAL CRITERION:  :: [ Obtained ratio = 1; Expected ratio = 1e-07; Absolute norm = 0.05; Expected norm =  1e-07]
***************************************************
******* ATTENTION: max iterations exceeded ********
***************************************************
R1 [3](10,0,0)
R2 [3](-9.76996e-15,0,0)
A 10
B 0
r1 [3](10,0,0.335107)
r2 [3](-9.76996e-15,0,4.65284)
a 10.0056
b 4.65023
B_n 0
B_v 0
C_12 0
C_13 0
b_n 4.65023
b_v 0
c_12 0
c_13 0
c_12 0
c_12 0
_dL 10
E11_m 0.0561484
E11_cur_n 4.65023
E11_cur_v 0
E12 0
E13 0
S11_m 0.0561484
S11_n 4.65023
S11_v 0
S12 0
S13 0
eps_dof [16](-0.259787,-0,-0.00870566,0,0.22102,0,0.00740656,0,0.0373204,0,0.00125063,0,0.00144623,0,4.84644e-05,0)
eps_dof_2 [16,16]((0.000674894,0,0,0,-0.000574183,0,0,0,-9.69536e-05,0,0,0,-3.75713e-06,0,0,0),(0,0.000674894,0,0,0,-0.000574183,0,0,0,-9.69536e-05,0,0,0,-3.75713e-06,0,0),(0,0,0.000674894,0,0,0,-0.000574183,0,0,0,-9.69536e-05,0,0,0,-3.75713e-06,0),(0,0,0,0,0,0,0,0,0,0,0,0,0,0,0,0),(-0.000574183,0,0,0,0.000488501,0,0,0,8.24857e-05,0,0,0,3.19647e-06,0,0,0),(0,-0.000574183,0,0,0,0.000488501,0,0,0,8.24857e-05,0,0,0,3.19647e-06,0,0),(0,0,-0.000574183,0,0,0,0.000488501,0,0,0,8.24857e-05,0,0,0,3.19647e-06,0),(0,0,0,0,0,0,0,0,0,0,0,0,0,0,0,0),(-9.69536e-05,0,0,0,8.24857e-05,0,0,0,1.39281e-05,0,0,0,5.3974e-07,0,0,0),(0,-9.69536e-05,0,0,0,8.24857e-05,0,0,0,1.39281e-05,0,0,0,5.3974e-07,0,0),(0,0,-9.69536e-05,0,0,0,8.24857e-05,0,0,0,1.39281e-05,0,0,0,5.3974e-07,0),(0,0,0,0,0,0,0,0,0,0,0,0,0,0,0,0),(-3.75713e-06,0,0,0,3.19647e-06,0,0,0,5.3974e-07,0,0,0,2.09159e-08,0,0,0),(0,-3.75713e-06,0,0,0,3.19647e-06,0,0,0,5.3974e-07,0,0,0,2.09159e-08,0,0),(0,0,-3.75713e-06,0,0,0,3.19647e-06,0,0,0,5.3974e-07,0,0,0,2.09159e-08,0),(0,0,0,0,0,0,0,0,0,0,0,0,0,0,0,0))
curve_dof_n [16](-0.188354,0,5.62071,0,0.361199,0,-10.7786,0,-0.1589,0,4.74175,0,-0.0139449,0,0.416132,0)
curve_dof_v [16](0,-5.60364,0,-3.7473,0,10.7674,0,-0.838785,0,-4.74732,0,-0.0625837,0,-0.416478,0,-0.00155651)
curve_dof_n_2 [16,16]((-0.0981059,0,1.46741,0,0.135612,0,-1.24669,0,-0.0341617,0,-0.212421,0,-0.00334458,0,-0.00829943,0),(0,0.0488303,0,-4.5156,0,-0.0676386,0,-1.01076,0,0.0171331,0,-0.075415,0,0.00167517,0,-0.00187563),(1.46741,0,-0.215383,0,-2.80453,0,0.131097,0,1.22919,0,0.0791968,0,0.107935,0,0.00508978,0),(0,-4.5156,0,-3.0197,0,8.67675,0,-0.67592,0,-3.82554,0,-0.050432,0,-0.335612,0,-0.00125428),(0.135612,0,-2.80453,0,-0.15974,0,2.38454,0,0.0215727,0,0.404269,0,0.00255519,0,0.0157238,0),(0,-0.0676386,0,8.67675,0,0.0797462,0,1.94218,0,-0.0108277,0,0.14491,0,-0.00127992,0,0.00360403),(-1.24669,0,0.131097,0,2.38454,0,-0.0671692,0,-1.04602,0,-0.0598875,0,-0.0918384,0,-0.00403996,0),(0,-1.01076,0,-0.67592,0,1.94218,0,-0.151296,0,-0.856298,0,-0.0112885,0,-0.0751223,0,-0.000280755),(-0.0341617,0,1.22919,0,0.0215727,0,-1.04602,0,0.0118398,0,-0.176351,0,0.000749112,0,-0.00682418,0),(0,0.0171331,0,-3.82554,0,-0.0108277,0,-0.856298,0,-0.00593035,0,-0.0638904,0,-0.000375083,0,-0.001589),(-0.212421,0,0.0791968,0,0.404269,0,-0.0598875,0,-0.176351,0,-0.0183095,0,-0.0154967,0,-0.000999823,0),(0,-0.075415,0,-0.050432,0,0.14491,0,-0.0112885,0,-0.0638904,0,-0.000842264,0,-0.00560505,0,-2.09478e-05),(-0.00334458,0,0.107935,0,0.00255519,0,-0.0918384,0,0.000749112,0,-0.0154967,0,4.0279e-05,0,-0.000600149,0),(0,0.00167517,0,-0.335612,0,-0.00127992,0,-0.0751223,0,-0.000375083,0,-0.00560505,0,-2.01647e-05,0,-0.000139402),(-0.00829943,0,0.00508978,0,0.0157238,0,-0.00403996,0,-0.00682418,0,-0.000999823,0,-0.000600149,0,-4.99945e-05,0),(0,-0.00187563,0,-0.00125428,0,0.00360403,0,-0.000280755,0,-0.001589,0,-2.09478e-05,0,-0.000139402,0,-5.20987e-07))
curve_dof_v_2 [16,16]((0,-1.46019,0,0.151782,0,1.24229,0,0.0339744,0,0.209767,0,0.00253491,0,0.00812887,0,6.30451e-05),(-1.46019,0,0.132329,0,2.80014,0,-0.0864876,0,-1.23185,0,-0.0431581,0,-0.108106,0,-0.00268368,0),(0,0.132329,0,-4.52935,0,-0.112583,0,-1.01384,0,-0.0190101,0,-0.0756447,0,-0.000736677,0,-0.00188134),(0.151782,0,-4.52935,0,-0.291066,0,8.68574,0,0.128046,0,-3.82106,0,0.0112372,0,-0.335333,0),(0,2.80014,0,-0.291066,0,-2.38229,0,-0.0651512,0,-0.402262,0,-0.00486108,0,-0.0155884,0,-0.000120899),(1.24229,0,-0.112583,0,-2.38229,0,0.0735815,0,1.04802,0,0.0367179,0,0.0919738,0,0.00228321,0),(0,-0.0864876,0,8.68574,0,0.0735815,0,1.94419,0,0.0124246,0,0.145061,0,0.000481476,0,0.00360777),(0.0339744,0,-1.01384,0,-0.0651512,0,1.94419,0,0.0286615,0,-0.855294,0,0.00251531,0,-0.0750598,0),(0,-1.23185,0,0.128046,0,1.04802,0,0.0286615,0,0.176964,0,0.0021385,0,0.00685769,0,5.31862e-05),(0.209767,0,-0.0190101,0,-0.402262,0,0.0124246,0,0.176964,0,0.00619999,0,0.0155302,0,0.000385532,0),(0,-0.0431581,0,-3.82106,0,0.0367179,0,-0.855294,0,0.00619999,0,-0.0638154,0,0.000240261,0,-0.00158714),(0.00253491,0,-0.0756447,0,-0.00486108,0,0.145061,0,0.0021385,0,-0.0638154,0,0.000187673,0,-0.00560039,0),(0,-0.108106,0,0.0112372,0,0.0919738,0,0.00251531,0,0.0155302,0,0.000187673,0,0.000601825,0,4.66758e-06),(0.00812887,0,-0.000736677,0,-0.0155884,0,0.000481476,0,0.00685769,0,0.000240261,0,0.000601825,0,1.49401e-05,0),(0,-0.00268368,0,-0.335333,0,0.00228321,0,-0.0750598,0,0.000385532,0,-0.00560039,0,1.49401e-05,0,-0.000139286),(6.30451e-05,0,-0.00188134,0,-0.000120899,0,0.00360777,0,5.31862e-05,0,-0.00158714,0,4.66758e-06,0,-0.000139286,0))
torsion_dof_n [16](0,-0.0697339,0,2.59787,0,0.0693726,0,-2.2102,0,0.000722509,0,-0.373204,0,-0.000361254,0,-0.0144623)
torsion_dof_v [16](0,0.0697339,0,-2.59787,0,-0.0693726,0,2.2102,0,-0.000722509,0,0.373204,0,0.000361254,0,0.0144623)
torsion_dof_n_2 [16,16]((0,-0.0362014,0,-3.97685e-16,0,0.0360139,0,2.52402e-16,0,0.000375081,0,4.42287e-17,0,-0.000187541,0,1.73451e-18),(-0.0362014,0,-0.000909682,0,0.0307993,0,0.0786445,0,0.00520061,0,-0.0719298,0,0.000201533,0,-0.00580504,0),(0,-0.000909682,0,-1.38778e-17,0,-0.0769656,0,1.73472e-17,0,0.0720699,0,2.38524e-18,0,0.00580539,0,4.74338e-20),(-3.97634e-16,0,-1.11832e-17,0,1.46879e-16,0,0,0,-5.66567e-17,0,7.74826e-19,0,5.4631e-18,0,-1.32634e-19,0),(0,0.0307993,0,1.47018e-16,0,-0.0306397,0,-1.42573e-16,0,-0.00031911,0,-2.37373e-17,0,0.000159555,0,-9.16278e-19),(0.0360139,0,-0.0769656,0,-0.0306397,0,-0.000769926,0,-0.00517367,0,0.072364,0,-0.000200489,0,0.00537156,0),(0,0.0786445,0,0,0,-0.000769926,0,-1.04083e-17,0,-0.072502,0,-1.73472e-18,0,-0.00537259,0,-8.13152e-20),(2.52409e-16,0,1.83135e-17,0,-1.42612e-16,0,-1.04083e-17,0,-4.24474e-17,0,-5.73673e-18,0,-2.05888e-18,0,-6.46727e-20,0),(0,0.00520061,0,-5.66496e-17,0,-0.00517367,0,-4.24465e-17,0,-5.38833e-05,0,-5.37019e-18,0,2.69416e-05,0,-1.89206e-19),(0.000375081,0,0.0720699,0,-0.00031911,0,-0.072502,0,-5.38833e-05,0,-1.354e-06,0,-2.08808e-06,0,0.000433453,0),(0,-0.0719298,0,0,0,0.072364,0,-5.63785e-18,0,-1.354e-06,0,-5.69206e-19,0,-0.000432828,0,-2.28699e-20),(4.42264e-17,0,2.41532e-18,0,-2.37349e-17,0,-1.73472e-18,0,-5.37012e-18,0,-5.72172e-19,0,-3.98468e-19,0,-2.44843e-21,0),(0,0.000201533,0,5.46167e-18,0,-0.000200489,0,-2.05914e-18,0,-2.08808e-06,0,-3.98476e-19,0,1.04404e-06,0,-1.60059e-20),(-0.000187541,0,0.00580539,0,0.000159555,0,-0.00537259,0,2.69416e-05,0,-0.000432828,0,1.04404e-06,0,2.62349e-08,0),(0,-0.00580504,0,-1.0842e-19,0,0.00537156,0,-6.77626e-20,0,0.000433453,0,-1.69407e-21,0,2.62349e-08,0,-1.32349e-22),(1.7345e-18,0,4.9565e-20,0,-9.16298e-19,0,-8.13152e-20,0,-1.89196e-19,0,-2.24599e-20,0,-1.60055e-20,0,-1.4516e-22,0))
torsion_dof_v_2 [16,16]((0,0.0362014,0,3.97685e-16,0,-0.0360139,0,-2.52185e-16,0,-0.000375081,0,-4.42151e-17,0,0.000187541,0,-1.73324e-18),(0.0362014,0,0.000909682,0,-0.0307993,0,-0.0786445,0,-0.00520061,0,0.0719298,0,-0.000201533,0,0.00580504,0),(0,0.000909682,0,0,0,0.0769656,0,-1.73472e-17,0,-0.0720699,0,-2.38524e-18,0,-0.00580539,0,-5.42101e-20),(3.97685e-16,0,0,0,-1.47018e-16,0,0,0,5.67038e-17,0,-1.73472e-18,0,-5.46506e-18,0,2.1684e-19,0),(0,-0.0307993,0,-1.47018e-16,0,0.0306397,0,1.42464e-16,0,0.00031911,0,2.37576e-17,0,-0.000159555,0,9.15854e-19),(-0.0360139,0,0.0769656,0,0.0306397,0,0.000769926,0,0.00517367,0,-0.072364,0,0.000200489,0,-0.00537156,0),(0,-0.0786445,0,0,0,0.000769926,0,1.38778e-17,0,0.072502,0,1.95156e-18,0,0.00537259,0,8.13152e-20),(-2.52185e-16,0,-1.73472e-17,0,1.42464e-16,0,1.38778e-17,0,4.23923e-17,0,5.63785e-18,0,2.05829e-18,0,4.06576e-20,0),(0,-0.00520061,0,5.67038e-17,0,0.00517367,0,4.23923e-17,0,5.38833e-05,0,5.38035e-18,0,-2.69416e-05,0,1.88994e-19),(-0.000375081,0,-0.0720699,0,0.00031911,0,0.072502,0,5.38833e-05,0,1.354e-06,0,2.08808e-06,0,-0.000433453,0),(0,0.0719298,0,-1.73472e-18,0,-0.072364,0,5.63785e-18,0,1.354e-06,0,5.96311e-19,0,0.000432828,0,2.28699e-20),(-4.42151e-17,0,-2.38524e-18,0,2.37576e-17,0,1.95156e-18,0,5.38035e-18,0,5.96311e-19,0,3.98476e-19,0,3.38813e-21,0),(0,-0.000201533,0,-5.46506e-18,0,0.000200489,0,2.05829e-18,0,2.08808e-06,0,3.98476e-19,0,-1.04404e-06,0,1.60109e-20),(0.000187541,0,-0.00580539,0,-0.000159555,0,0.00537259,0,-2.69416e-05,0,0.000432828,0,-1.04404e-06,0,-2.62349e-08,0),(0,0.00580504,0,2.1684e-19,0,-0.00537156,0,4.06576e-20,0,-0.000433453,0,3.38813e-21,0,-2.62349e-08,0,2.11758e-22),(-1.73324e-18,0,-5.42101e-20,0,9.15854e-19,0,8.13152e-20,0,1.88994e-19,0,2.28699e-20,0,1.60109e-20,0,2.11758e-22,0))
R1 [3](10,0,0)
R2 [3](7.10543e-15,0,0)
A 10
B 0
r1 [3](10,0,1.37778)
r2 [3](7.10543e-15,0,3.34995)
a 10.0945
b 3.3186
B_n 0
B_v 0
C_12 0
C_13 0
b_n 3.3186
b_v 0
c_12 0
c_13 0
c_12 0
c_12 0
_dL 10
E11_m 0.949141
E11_cur_n 3.3186
E11_cur_v 0
E12 0
E13 0
S11_m 0.949141
S11_n 3.3186
S11_v 0
S12 0
S13 0
eps_dof [16](-0.134666,-0,-0.0185541,0,0.00200426,0,0.000276143,0,0.0999901,0,0.0137764,0,0.0326719,0,0.00450147,0)
eps_dof_2 [16,16]((0.00018135,0,0,0,-2.69906e-06,0,0,0,-0.000134653,0,0,0,-4.3998e-05,0,0,0),(0,0.00018135,0,0,0,-2.69906e-06,0,0,0,-0.000134653,0,0,0,-4.3998e-05,0,0),(0,0,0.00018135,0,0,0,-2.69906e-06,0,0,0,-0.000134653,0,0,0,-4.3998e-05,0),(0,0,0,0,0,0,0,0,0,0,0,0,0,0,0,0),(-2.69906e-06,0,0,0,4.01704e-08,0,0,0,2.00406e-06,0,0,0,6.54828e-07,0,0,0),(0,-2.69906e-06,0,0,0,4.01704e-08,0,0,0,2.00406e-06,0,0,0,6.54828e-07,0,0),(0,0,-2.69906e-06,0,0,0,4.01704e-08,0,0,0,2.00406e-06,0,0,0,6.54828e-07,0),(0,0,0,0,0,0,0,0,0,0,0,0,0,0,0,0),(-0.000134653,0,0,0,2.00406e-06,0,0,0,9.99801e-05,0,0,0,3.26686e-05,0,0,0),(0,-0.000134653,0,0,0,2.00406e-06,0,0,0,9.99801e-05,0,0,0,3.26686e-05,0,0),(0,0,-0.000134653,0,0,0,2.00406e-06,0,0,0,9.99801e-05,0,0,0,3.26686e-05,0),(0,0,0,0,0,0,0,0,0,0,0,0,0,0,0,0),(-4.3998e-05,0,0,0,6.54828e-07,0,0,0,3.26686e-05,0,0,0,1.06745e-05,0,0,0),(0,-4.3998e-05,0,0,0,6.54828e-07,0,0,0,3.26686e-05,0,0,0,1.06745e-05,0,0),(0,0,-4.3998e-05,0,0,0,6.54828e-07,0,0,0,3.26686e-05,0,0,0,1.06745e-05,0),(0,0,0,0,0,0,0,0,0,0,0,0,0,0,0,0))
curve_dof_n [16](-0.557003,0,4.04275,0,0.827223,0,-6.00402,0,-0.00198437,0,0.0144026,0,-0.268236,0,1.94687,0)
curve_dof_v [16](0,-4.05059,0,-0.99807,0,6.06029,0,-1.47482,0,-0.0370776,0,-0.726437,0,-1.97262,0,-0.119271)
curve_dof_n_2 [16,16]((-0.148324,0,0.532123,0,0.110436,0,0.0069918,0,0.0552119,0,-0.40267,0,-0.0173231,0,-0.136445,0),(0,0.0743791,0,-1.21821,0,-0.055989,0,-1.80013,0,-0.0273773,0,-0.886667,0,0.00898721,0,-0.145578),(0.532123,0,0.0892627,0,-0.793444,0,-0.109557,0,0.00350449,0,-0.0113584,0,0.257816,0,0.0316523,0),(0,-1.21821,0,-0.30017,0,1.82263,0,-0.443554,0,-0.0111511,0,-0.218476,0,-0.593267,0,-0.0358707),(0.110436,0,-0.793444,0,-0.0032544,0,0.011587,0,-0.0811814,0,0.589247,0,-0.0259998,0,0.19261,0),(0,-0.055989,0,1.82263,0,0.00165011,0,2.69326,0,0.0411575,0,1.32659,0,0.0131814,0,0.217807),(0.0069918,0,-0.109557,0,0.011587,0,0.00324132,0,-0.011124,0,0.0805287,0,-0.00745484,0,0.0257865,0),(0,-1.80013,0,-0.443554,0,2.69326,0,-0.655428,0,-0.0164777,0,-0.322837,0,-0.876656,0,-0.0530053),(0.0552119,0,0.00350449,0,-0.0811814,0,-0.011124,0,-0.00021715,0,0.0030162,0,0.0261867,0,0.00460328,0),(0,-0.0273773,0,-0.0111511,0,0.0411575,0,-0.0164777,0,-0.000350561,0,-0.00811623,0,-0.0134297,0,-0.00133257),(-0.40267,0,-0.0113584,0,0.589247,0,0.0805287,0,0.0030162,0,-0.0323442,0,-0.189593,0,-0.0368261,0),(0,-0.886667,0,-0.218476,0,1.32659,0,-0.322837,0,-0.00811623,0,-0.159016,0,-0.431804,0,-0.0261082),(-0.0173231,0,0.257816,0,-0.0259998,0,-0.00745484,0,0.0261867,0,-0.189593,0,0.0171362,0,-0.0607678,0),(0,0.00898721,0,-0.593267,0,0.0131814,0,-0.876656,0,-0.0134297,0,-0.431804,0,-0.00873891,0,-0.0708962),(-0.136445,0,0.0316523,0,0.19261,0,0.0257865,0,0.00460328,0,-0.0368261,0,-0.0607678,0,-0.0206127,0),(0,-0.145578,0,-0.0358707,0,0.217807,0,-0.0530053,0,-0.00133257,0,-0.0261082,0,-0.0708962,0,-0.00428661))
curve_dof_v_2 [16,16]((0,-0.544422,0,0.167519,0,0.00810271,0,0.247538,0,0.404235,0,0.121927,0,0.132084,0,0.0200187),(-0.544422,0,-0.00765874,0,0.808538,0,0.054996,0,-0.00193955,0,-0.0221628,0,-0.262177,0,-0.0251745,0),(0,-0.00765874,0,-1.21586,0,0.000113986,0,-1.79664,0,0.00568664,0,-0.884952,0,0.00185812,0,-0.145297),(0.167519,0,-1.21586,0,-0.248787,0,1.80571,0,0.000596799,0,-0.0043316,0,0.080672,0,-0.585521,0),(0,0.808538,0,-0.248787,0,-0.0120336,0,-0.367627,0,-0.600342,0,-0.181078,0,-0.196163,0,-0.0297305),(0.00810271,0,0.000113986,0,-0.0120336,0,-0.000818514,0,2.88666e-05,0,0.000329852,0,0.00390202,0,0.000374676,0),(0,0.054996,0,1.80571,0,-0.000818514,0,2.66825,0,-0.0408347,0,1.31427,0,-0.0133428,0,0.215785),(0.247538,0,-1.79664,0,-0.367627,0,2.66825,0,0.000881876,0,-0.00640069,0,0.119207,0,-0.865209,0),(0,-0.00193955,0,0.000596799,0,2.88666e-05,0,0.000881876,0,0.00144012,0,0.000434375,0,0.000470561,0,7.13184e-05),(0.404235,0,0.00568664,0,-0.600342,0,-0.0408347,0,0.00144012,0,0.0164559,0,0.194667,0,0.0186921,0),(0,-0.0221628,0,-0.0043316,0,0.000329852,0,-0.00640069,0,0.0164559,0,-0.00315271,0,0.005377,0,-0.000517632),(0.121927,0,-0.884952,0,-0.181078,0,1.31427,0,0.000434375,0,-0.00315271,0,0.0587164,0,-0.426166,0),(0,-0.262177,0,0.080672,0,0.00390202,0,0.119207,0,0.194667,0,0.0587164,0,0.0636078,0,0.00964042),(0.132084,0,0.00185812,0,-0.196163,0,-0.0133428,0,0.000470561,0,0.005377,0,0.0636078,0,0.00610768,0),(0,-0.0251745,0,-0.585521,0,0.000374676,0,-0.865209,0,0.0186921,0,-0.426166,0,0.00610768,0,-0.0699706),(0.0200187,0,-0.145297,0,-0.0297305,0,0.215785,0,7.13184e-05,0,-0.000517632,0,0.00964042,0,-0.0699706,0))
torsion_dof_n [16](0,-0.049545,0,1.34666,0,0.0414915,0,-0.0200426,0,0.016107,0,-0.999901,0,-0.00805349,0,-0.326719)
torsion_dof_v [16](0,0.049545,0,-1.34666,0,-0.0414915,0,0.0200426,0,-0.016107,0,0.999901,0,0.00805349,0,0.326719)
torsion_dof_n_2 [16,16]((0,-0.0131573,0,-2.81893e-18,0,0.0110186,0,1.69136e-17,0,0.00427742,0,1.77809e-17,0,-0.00213871,0,4.8518e-18),(-0.0131573,0,-0.00135532,0,0.000195823,0,0.0398538,0,0.00976937,0,-0.0192069,0,0.00319215,0,-0.0192916,0),(0,-0.00135532,0,2.40741e-35,0,-0.0386986,0,6.93889e-18,0,0.0206539,0,3.46945e-18,0,0.0194001,0,-2.1684e-19),(-2.76017e-18,0,-1.30145e-20,0,9.92158e-18,0,1.43614e-18,0,1.24007e-17,0,-6.24761e-18,0,-1.48291e-17,0,-7.04301e-19,0),(0,0.000195823,0,9.92045e-18,0,-0.000163992,0,1.60259e-17,0,-6.36615e-05,0,8.31448e-18,0,3.18308e-05,0,1.4912e-18),(0.0110186,0,-0.0386986,0,-0.000163992,0,-1.68926e-05,0,-0.00818137,0,0.0290347,0,-0.00267327,0,0.00968083,0),(0,0.0398538,0,1.43657e-18,0,-1.68926e-05,0,-5.20417e-18,0,-0.029884,0,3.79471e-19,0,-0.00995292,0,9.14796e-20),(1.68184e-17,0,6.16848e-18,0,1.60248e-17,0,-5.21668e-18,0,1.06022e-18,0,-1.54186e-18,0,1.15898e-17,0,4.2409e-18,0),(0,0.00976937,0,1.23599e-17,0,-0.00818137,0,8.67362e-19,0,-0.003176,0,-8.5652e-18,0,0.001588,0,-2.95445e-18),(0.00427742,0,0.0206539,0,-6.36615e-05,0,-0.029884,0,-0.003176,0,-0.000327157,0,-0.00103776,0,0.00955729,0),(0,-0.0192069,0,-6.93889e-18,0,0.0290347,0,-1.73472e-18,0,-0.000327157,0,4.33681e-18,0,-0.00950061,0,1.51788e-18),(1.78567e-17,0,3.14161e-18,0,8.31584e-18,0,3.81531e-19,0,-8.56571e-18,0,4.44471e-18,0,2.24664e-17,0,6.50315e-18,0),(0,0.00319215,0,-1.48536e-17,0,-0.00267327,0,1.1601e-17,0,-0.00103776,0,2.2443e-17,0,0.000518881,0,6.52554e-18),(-0.00213871,0,0.0194001,0,3.18308e-05,0,-0.00995292,0,0.001588,0,-0.00950061,0,0.000518881,0,5.34494e-05,0),(0,-0.0192916,0,-8.67362e-19,0,0.00968083,0,4.33681e-18,0,0.00955729,0,6.50521e-18,0,5.34494e-05,0,1.46367e-18),(4.83951e-18,0,-1.8978e-19,0,1.49102e-18,0,9.21932e-20,0,-2.94362e-18,0,1.61003e-18,0,6.52277e-18,0,1.45279e-18,0))
torsion_dof_v_2 [16,16]((0,0.0131573,0,2.60209e-18,0,-0.0110186,0,-1.64799e-17,0,-0.00427742,0,-1.86483e-17,0,0.00213871,0,-4.8247e-18),(0.0131573,0,0.00135532,0,-0.000195823,0,-0.0398538,0,-0.00976937,0,0.0192069,0,-0.00319215,0,0.0192916,0),(0,0.00135532,0,-1.73472e-18,0,0.0386986,0,-6.93889e-18,0,-0.0206539,0,-3.46945e-18,0,-0.0194001,0,4.33681e-19),(2.60209e-18,0,-1.73472e-18,0,-1.02186e-17,0,-7.31836e-19,0,-1.23599e-17,0,5.20417e-18,0,1.4962e-17,0,4.33681e-19,0),(0,-0.000195823,0,-1.02186e-17,0,0.000163992,0,-1.66154e-17,0,6.36615e-05,0,-8.23316e-18,0,-3.18308e-05,0,-1.55896e-18),(-0.0110186,0,0.0386986,0,0.000163992,0,1.68926e-05,0,0.00818137,0,-0.0290347,0,0.00267327,0,-0.00968083,0),(0,-0.0398538,0,-7.31836e-19,0,1.68926e-05,0,4.44523e-18,0,0.029884,0,-8.13152e-19,0,0.00995292,0,-2.71051e-20),(-1.64799e-17,0,-6.93889e-18,0,-1.66154e-17,0,4.44523e-18,0,-8.67362e-19,0,1.73472e-18,0,-1.10589e-17,0,-3.46945e-18,0),(0,-0.00976937,0,-1.23599e-17,0,0.00818137,0,-8.67362e-19,0,0.003176,0,8.78204e-18,0,-0.001588,0,2.95445e-18),(-0.00427742,0,-0.0206539,0,6.36615e-05,0,0.029884,0,0.003176,0,0.000327157,0,0.00103776,0,-0.00955729,0),(0,0.0192069,0,5.20417e-18,0,-0.0290347,0,1.73472e-18,0,0.000327157,0,-3.46945e-18,0,0.00950061,0,-1.51788e-18),(-1.86483e-17,0,-3.46945e-18,0,-8.23316e-18,0,-8.13152e-19,0,8.78204e-18,0,-3.46945e-18,0,-2.25514e-17,0,-6.07153e-18,0),(0,-0.00319215,0,1.4962e-17,0,0.00267327,0,-1.10589e-17,0,0.00103776,0,-2.25514e-17,0,-0.000518881,0,-6.51199e-18),(0.00213871,0,-0.0194001,0,-3.18308e-05,0,0.00995292,0,-0.001588,0,0.00950061,0,-0.000518881,0,-5.34494e-05,0),(0,0.0192916,0,4.33681e-19,0,-0.00968083,0,-3.46945e-18,0,-0.00955729,0,-6.07153e-18,0,-5.34494e-05,0,-1.6263e-18),(-4.8247e-18,0,4.33681e-19,0,-1.55896e-18,0,-2.71051e-20,0,2.95445e-18,0,-1.51788e-18,0,-6.51199e-18,0,-1.6263e-18,0))
R1 [3](10,0,0)
R2 [3](2.13163e-14,0,0)
A 10
B 0
r1 [3](10,0,2.22773)
r2 [3](2.13163e-14,0,1.65005)
a 10.2451
b 1.61057
B_n 0
B_v 0
C_12 0
C_13 0
b_n 1.61057
b_v 0
c_12 0
c_13 0
c_12 0
c_12 0
_dL 10
E11_m 2.4814
E11_cur_n 1.61057
E11_cur_v 0
E12 0
E13 0
S11_m 2.4814
S11_n 1.61057
S11_v 0
S12 0
S13 0
eps_dof [16](-0.0326719,-0,-0.00727843,0,-0.0999901,-0,-0.0222751,0,-0.00200426,-0,-0.000446495,0,0.134666,0,0.03,0)
eps_dof_2 [16,16]((1.06745e-05,0,0,0,3.26686e-05,0,0,0,6.54828e-07,0,0,0,-4.3998e-05,0,0,0),(0,1.06745e-05,0,0,0,3.26686e-05,0,0,0,6.54828e-07,0,0,0,-4.3998e-05,0,0),(0,0,1.06745e-05,0,0,0,3.26686e-05,0,0,0,6.54828e-07,0,0,0,-4.3998e-05,0),(0,0,0,0,0,0,0,0,0,0,0,0,0,0,0,0),(3.26686e-05,0,0,0,9.99801e-05,0,0,0,2.00406e-06,0,0,0,-0.000134653,0,0,0),(0,3.26686e-05,0,0,0,9.99801e-05,0,0,0,2.00406e-06,0,0,0,-0.000134653,0,0),(0,0,3.26686e-05,0,0,0,9.99801e-05,0,0,0,2.00406e-06,0,0,0,-0.000134653,0),(0,0,0,0,0,0,0,0,0,0,0,0,0,0,0,0),(6.54828e-07,0,0,0,2.00406e-06,0,0,0,4.01704e-08,0,0,0,-2.69906e-06,0,0,0),(0,6.54828e-07,0,0,0,2.00406e-06,0,0,0,4.01704e-08,0,0,0,-2.69906e-06,0,0),(0,0,6.54828e-07,0,0,0,2.00406e-06,0,0,0,4.01704e-08,0,0,0,-2.69906e-06,0),(0,0,0,0,0,0,0,0,0,0,0,0,0,0,0,0),(-4.3998e-05,0,0,0,-0.000134653,0,0,0,-2.69906e-06,0,0,0,0.00018135,0,0,0),(0,-4.3998e-05,0,0,0,-0.000134653,0,0,0,-2.69906e-06,0,0,0,0.00018135,0,0),(0,0,-4.3998e-05,0,0,0,-0.000134653,0,0,0,-2.69906e-06,0,0,0,0.00018135,0),(0,0,0,0,0,0,0,0,0,0,0,0,0,0,0,0))
curve_dof_n [16](-0.433038,0,1.94385,0,-0.0206237,0,0.0925772,0,1.31752,0,-5.91415,0,-0.863854,0,3.87773,0)
curve_dof_v [16](0,-1.98585,0,-0.0578839,0,-0.07755,0,-0.352551,0,6.05947,0,-0.715754,0,-3.99608,0,-0.484378)
curve_dof_n_2 [16,16]((-0.0270359,0,0.0578512,0,-0.0421312,0,0.186096,0,0.0401788,0,0.0128691,0,0.0289882,0,-0.256817,0),(0,0.013957,0,-0.0713715,0,0.0216597,0,-0.434699,0,-0.0208348,0,-0.882533,0,-0.014782,0,-0.597244),(0.0578512,0,0.0253979,0,-0.00524433,0,0.0371184,0,-0.184253,0,-0.0402793,0,0.131646,0,-0.0222371,0),(0,-0.0713715,0,-0.00208035,0,-0.00278715,0,-0.0126707,0,0.217778,0,-0.0257243,0,-0.143619,0,-0.0174086),(-0.0421312,0,-0.00524433,0,-0.00465468,0,0.0116375,0,0.125456,0,0.0282023,0,-0.0786699,0,-0.0345954,0),(0,0.0216597,0,-0.00278715,0,0.00185144,0,-0.0169756,0,-0.065055,0,-0.0344641,0,0.0415438,0,-0.0233232),(0.186096,0,0.0371184,0,0.0116375,0,-0.0106864,0,-0.56334,0,-0.125763,0,0.365606,0,0.0993312,0),(0,-0.434699,0,-0.0126707,0,-0.0169756,0,-0.0771728,0,1.32641,0,-0.156677,0,-0.874735,0,-0.10603),(0.0401788,0,-0.184253,0,0.125456,0,-0.56334,0,0.00503128,0,-0.0107313,0,-0.170666,0,0.758324,0),(0,-0.0208348,0,0.217778,0,-0.065055,0,1.32641,0,-0.00260874,0,2.6929,0,0.0884985,0,1.82239),(0.0128691,0,-0.0402793,0,0.0282023,0,-0.125763,0,-0.0107313,0,-0.00503744,0,-0.0303401,0,0.17108,0),(0,-0.882533,0,-0.0257243,0,-0.0344641,0,-0.156677,0,2.6929,0,-0.318089,0,-1.7759,0,-0.215263),(0.0289882,0,0.131646,0,-0.0786699,0,0.365606,0,-0.170666,0,-0.0303401,0,0.220348,0,-0.466912,0),(0,-0.014782,0,-0.143619,0,0.0415438,0,-0.874735,0,0.0884985,0,-1.7759,0,-0.11526,0,-1.20182),(-0.256817,0,-0.0222371,0,-0.0345954,0,0.0993312,0,0.758324,0,0.17108,0,-0.466912,0,-0.248174,0),(0,-0.597244,0,-0.0174086,0,-0.0233232,0,-0.10603,0,1.82239,0,-0.215263,0,-1.20182,0,-0.145677))
curve_dof_v_2 [16,16]((0,-0.0635092,0,0.0155634,0,-0.194365,0,0.0947913,0,-0.00389597,0,0.192447,0,0.261771,0,0.130236),(-0.0635092,0,-0.00615955,0,-0.00302467,0,0.00220388,0,0.193226,0,0.0213131,0,-0.126693,0,-0.0173574,0),(0,-0.00615955,0,-0.0698621,0,-0.0188509,0,-0.425505,0,-0.000377857,0,-0.863868,0,0.0253883,0,-0.584613),(0.0155634,0,-0.0698621,0,0.000741219,0,-0.00332723,0,-0.0473516,0,0.212555,0,0.031047,0,-0.139366,0),(0,-0.00302467,0,0.000741219,0,-0.0092568,0,0.0045145,0,-0.000185548,0,0.00916542,0,0.012467,0,0.00620259),(-0.194365,0,-0.0188509,0,-0.0092568,0,0.00674484,0,0.591356,0,0.0652273,0,-0.387734,0,-0.0531212,0),(0,0.00220388,0,-0.00332723,0,0.00674484,0,-0.020265,0,0.000135197,0,-0.0411423,0,-0.00908392,0,-0.0278426),(0.0947913,0,-0.425505,0,0.0045145,0,-0.020265,0,-0.288402,0,1.2946,0,0.189096,0,-0.848828,0),(0,0.193226,0,-0.0473516,0,0.591356,0,-0.288402,0,0.0118535,0,-0.585519,0,-0.796436,0,-0.396243),(-0.00389597,0,-0.000377857,0,-0.000185548,0,0.000135197,0,0.0118535,0,0.00130745,0,-0.00777196,0,-0.00106479,0),(0,0.0213131,0,0.212555,0,0.0652273,0,1.2946,0,0.00130745,0,2.62831,0,-0.0878478,0,1.77868),(0.192447,0,-0.863868,0,0.00916542,0,-0.0411423,0,-0.585519,0,2.62831,0,0.383906,0,-1.7233,0),(0,-0.126693,0,0.031047,0,-0.387734,0,0.189096,0,-0.00777196,0,0.383906,0,0.522198,0,0.259804),(0.261771,0,0.0253883,0,0.012467,0,-0.00908392,0,-0.796436,0,-0.0878478,0,0.522198,0,0.0715435,0),(0,-0.0173574,0,-0.139366,0,-0.0531212,0,-0.848828,0,-0.00106479,0,-1.7233,0,0.0715435,0,-1.16623),(0.130236,0,-0.584613,0,0.00620259,0,-0.0278426,0,-0.396243,0,1.77868,0,0.259804,0,-1.16623,0))
torsion_dof_n [16](0,-0.023866,0,0.326719,0,-0.00859713,0,0.999901,0,0.0649262,0,0.0200426,0,-0.0324631,0,-1.34666)
torsion_dof_v [16](0,0.023866,0,-0.326719,0,0.00859713,0,-0.999901,0,-0.0649262,0,-0.0200426,0,0.0324631,0,1.34666)
torsion_dof_n_2 [16,16]((0,-0.00150397,0,-5.48877e-19,0,-0.000541768,0,-3.7676e-18,0,0.00409147,0,-7.53521e-18,0,-0.00204574,0,-6.34258e-18),(-0.00150397,0,-0.000249242,0,-0.00460279,0,0.00868841,0,-9.22609e-05,0,0.00972149,0,0.00619902,0,-0.0181607,0),(0,-0.000249242,0,6.23416e-19,0,-0.00954098,0,4.55365e-18,0,-0.00905873,0,1.73472e-18,0,0.018849,0,-1.0842e-18),(-5.46124e-19,0,6.17977e-19,0,-4.21212e-18,0,-8.67362e-19,0,1.92905e-18,0,-5.74555e-19,0,3.63109e-19,0,-2.10332e-18,0),(0,-0.00460279,0,-4.21484e-18,0,-0.00165804,0,-1.31188e-17,0,0.0125217,0,-1.51788e-18,0,-0.00626084,0,1.58294e-17),(-0.000541768,0,-0.00954098,0,-0.00165804,0,-0.000274776,0,-3.32347e-05,0,0.0292135,0,0.00223305,0,-0.0193977,0),(0,0.00868841,0,-8.67362e-19,0,-0.000274776,0,-6.93889e-18,0,-0.0271438,0,8.67362e-19,0,0.0187302,0,6.93889e-18),(-3.76516e-18,0,4.55262e-18,0,-1.31183e-17,0,-6.93889e-18,0,1.16871e-17,0,-3.95322e-18,0,4.43956e-18,0,3.90519e-18,0),(0,-9.22609e-05,0,1.92912e-18,0,-3.32347e-05,0,1.16874e-17,0,0.000250991,0,2.70441e-17,0,-0.000125496,0,1.81367e-17),(0.00409147,0,-0.00905873,0,0.0125217,0,-0.0271438,0,0.000250991,0,4.15951e-05,0,-0.0168641,0,0.036161,0),(0,0.00972149,0,-5.74288e-19,0,0.0292135,0,-3.95734e-18,0,4.15951e-05,0,-1.23599e-17,0,-0.0389765,0,-4.01155e-18),(-7.52973e-18,0,1.68677e-18,0,-1.49391e-18,0,8.67362e-19,0,2.7043e-17,0,-1.23578e-17,0,1.94687e-17,0,-1.29145e-17,0),(0,0.00619902,0,3.52366e-19,0,0.00223305,0,4.33681e-18,0,-0.0168641,0,1.95156e-17,0,0.00843207,0,1.79978e-17),(-0.00204574,0,0.018849,0,-0.00626084,0,0.0187302,0,-0.000125496,0,-0.0389765,0,0.00843207,0,0.00139739,0),(0,-0.0181607,0,-2.05998e-18,0,-0.0193977,0,4.33681e-18,0,0.036161,0,-1.21431e-17,0,0.00139739,0,-1.64799e-17),(-6.31938e-18,0,-1.00267e-18,0,1.57886e-17,0,6.93889e-18,0,1.81351e-17,0,-4.01241e-18,0,1.80125e-17,0,-1.66429e-17,0))
torsion_dof_v_2 [16,16]((0,0.00150397,0,5.28549e-19,0,0.000541768,0,3.68629e-18,0,-0.00409147,0,7.91468e-18,0,0.00204574,0,6.28837e-18),(0.00150397,0,0.000249242,0,0.00460279,0,-0.00868841,0,9.22609e-05,0,-0.00972149,0,-0.00619902,0,0.0181607,0),(0,0.000249242,0,-5.69206e-19,0,0.00954098,0,-4.33681e-18,0,0.00905873,0,-1.30104e-18,0,-0.018849,0,1.0842e-18),(5.28549e-19,0,-5.69206e-19,0,4.24194e-18,0,8.67362e-19,0,-1.86474e-18,0,7.40307e-19,0,-2.98156e-19,0,1.73472e-18,0),(0,0.00460279,0,4.24194e-18,0,0.00165804,0,1.30104e-17,0,-0.0125217,0,1.30104e-18,0,0.00626084,0,-1.53957e-17),(0.000541768,0,0.00954098,0,0.00165804,0,0.000274776,0,3.32347e-05,0,-0.0292135,0,-0.00223305,0,0.0193977,0),(0,-0.00868841,0,8.67362e-19,0,0.000274776,0,6.93889e-18,0,0.0271438,0,-8.67362e-19,0,-0.0187302,0,-6.93889e-18),(3.68629e-18,0,-4.33681e-18,0,1.30104e-17,0,6.93889e-18,0,-1.12062e-17,0,3.1984e-18,0,-4.33681e-18,0,-3.46945e-18,0),(0,9.22609e-05,0,-1.86474e-18,0,3.32347e-05,0,-1.12062e-17,0,-0.000250991,0,-2.7227e-17,0,0.000125496,0,-1.90413e-17),(-0.00409147,0,0.00905873,0,-0.0125217,0,0.0271438,0,-0.000250991,0,-4.15951e-05,0,0.0168641,0,-0.036161,0),(0,-0.00972149,0,7.40307e-19,0,-0.0292135,0,3.1984e-18,0,-4.15951e-05,0,1.08149e-17,0,0.0389765,0,5.27193e-18),(7.91468e-18,0,-1.30104e-18,0,1.30104e-18,0,-8.67362e-19,0,-2.7227e-17,0,1.08149e-17,0,-1.73472e-17,0,1.21431e-17,0),(0,-0.00619902,0,-2.98156e-19,0,-0.00223305,0,-4.33681e-18,0,0.0168641,0,-1.73472e-17,0,-0.00843207,0,-1.79978e-17),(0.00204574,0,-0.018849,0,0.00626084,0,-0.0187302,0,0.000125496,0,0.0389765,0,-0.00843207,0,-0.00139739,0),(0,0.0181607,0,1.73472e-18,0,0.0193977,0,-3.46945e-18,0,-0.036161,0,1.21431e-17,0,-0.00139739,0,2.08167e-17),(6.28837e-18,0,1.0842e-18,0,-1.53957e-17,0,-6.93889e-18,0,-1.90413e-17,0,5.27193e-18,0,-1.79978e-17,0,2.08167e-17,0))
R1 [3](10,0,0)
R2 [3](3.55271e-14,0,0)
A 10
B 0
r1 [3](10,0,2.48795)
r2 [3](3.55271e-14,0,0.347159)
a 10.3048
b 0.336889
B_n 0
B_v 0
C_12 0
C_13 0
b_n 0.336889
b_v 0
c_12 0
c_13 0
c_12 0
c_12 0
_dL 10
E11_m 3.09494
E11_cur_n 0.336889
E11_cur_v 0
E12 0
E13 0
S11_m 3.09494
S11_n 0.336889
S11_v 0
S12 0
S13 0
eps_dof [16](-0.00144623,-0,-0.000359816,0,-0.0373204,-0,-0.00928512,0,-0.22102,-0,-0.0549887,0,0.259787,0,0.0646337,0)
eps_dof_2 [16,16]((2.09159e-08,0,0,0,5.3974e-07,0,0,0,3.19647e-06,0,0,0,-3.75713e-06,0,0,0),(0,2.09159e-08,0,0,0,5.3974e-07,0,0,0,3.19647e-06,0,0,0,-3.75713e-06,0,0),(0,0,2.09159e-08,0,0,0,5.3974e-07,0,0,0,3.19647e-06,0,0,0,-3.75713e-06,0),(0,0,0,0,0,0,0,0,0,0,0,0,0,0,0,0),(5.3974e-07,0,0,0,1.39281e-05,0,0,0,8.24857e-05,0,0,0,-9.69536e-05,0,0,0),(0,5.3974e-07,0,0,0,1.39281e-05,0,0,0,8.24857e-05,0,0,0,-9.69536e-05,0,0),(0,0,5.3974e-07,0,0,0,1.39281e-05,0,0,0,8.24857e-05,0,0,0,-9.69536e-05,0),(0,0,0,0,0,0,0,0,0,0,0,0,0,0,0,0),(3.19647e-06,0,0,0,8.24857e-05,0,0,0,0.000488501,0,0,0,-0.000574183,0,0,0),(0,3.19647e-06,0,0,0,8.24857e-05,0,0,0,0.000488501,0,0,0,-0.000574183,0,0),(0,0,3.19647e-06,0,0,0,8.24857e-05,0,0,0,0.000488501,0,0,0,-0.000574183,0),(0,0,0,0,0,0,0,0,0,0,0,0,0,0,0,0),(-3.75713e-06,0,0,0,-9.69536e-05,0,0,0,-0.000574183,0,0,0,0.000674894,0,0,0),(0,-3.75713e-06,0,0,0,-9.69536e-05,0,0,0,-0.000574183,0,0,0,0.000674894,0,0),(0,0,-3.75713e-06,0,0,0,-9.69536e-05,0,0,0,-0.000574183,0,0,0,0.000674894,0),(0,0,0,0,0,0,0,0,0,0,0,0,0,0,0,0))
curve_dof_n [16](-0.100608,0,0.404381,0,-1.1476,0,4.61265,0,2.59114,0,-10.4148,0,-1.34293,0,5.39773,0)
curve_dof_v [16](0,-0.416651,0,-0.000112762,0,-4.75177,0,-0.00453392,0,10.7411,0,-0.0607664,0,-5.57269,0,-0.271476)
curve_dof_n_2 [16,16]((-0.000274081,0,0.000516805,0,-0.00509982,0,0.0138271,0,-0.0174172,0,0.0850685,0,0.0227911,0,-0.0994124,0),(0,0.000143308,0,-0.00013946,0,0.00266631,0,-0.00560737,0,0.0091042,0,-0.0751534,0,-0.0119138,0,-0.335751),(0.000516805,0,0.000273418,0,0.00540642,0,0.0050827,0,-0.0193703,0,0.0173158,0,0.013447,0,-0.0226719,0),(0,-0.00013946,0,-3.77433e-08,0,-0.00159049,0,-1.51757e-06,0,0.00359522,0,-2.03395e-05,0,-0.00186527,0,-9.08673e-05),(-0.00509982,0,0.00540642,0,-0.0806907,0,0.15218,0,-0.147946,0,0.983332,0,0.233736,0,-1.14092,0),(0,0.00266631,0,-0.00159049,0,0.0421793,0,-0.0639502,0,0.0772533,0,-0.8571,0,-0.122099,0,-3.82913),(0.0138271,0,0.0050827,0,0.15218,0,0.0802488,0,-0.42484,0,0.145329,0,0.258833,0,-0.23066,0),(0,-0.00560737,0,-1.51757e-06,0,-0.0639502,0,-6.10184e-05,0,0.144556,0,-0.000817806,0,-0.0749983,0,-0.00365358),(-0.0174172,0,-0.0193703,0,-0.147946,0,-0.42484,0,1.07772,0,-2.02989,0,-0.912357,0,2.4741,0),(0,0.0091042,0,0.00359522,0,0.0772533,0,0.144556,0,-0.564329,0,1.93743,0,0.477972,0,8.65553),(0.0850685,0,0.0173158,0,0.983332,0,0.145329,0,-2.02989,0,-1.09322,0,0.961487,0,0.930573,0),(0,-0.0751534,0,-2.03395e-05,0,-0.8571,0,-0.000817806,0,1.93743,0,-0.0109607,0,-1.00517,0,-0.0489675),(0.0227911,0,0.013447,0,0.233736,0,0.258833,0,-0.912357,0,0.961487,0,0.65583,0,-1.23377,0),(0,-0.0119138,0,-0.00186527,0,-0.122099,0,-0.0749983,0,0.477972,0,-1.00517,0,-0.343959,0,-4.49065),(-0.0994124,0,-0.0226719,0,-1.14092,0,-0.23066,0,2.4741,0,0.930573,0,-1.23377,0,-0.677241,0),(0,-0.335751,0,-9.08673e-05,0,-3.82913,0,-0.00365358,0,8.65553,0,-0.0489675,0,-4.49065,0,-0.218764))
curve_dof_v_2 [16,16]((0,-0.00058483,0,3.36751e-05,0,-0.0150917,0,0.001354,0,-0.0893765,0,0.0181472,0,0.105053,0,0.0810731),(-0.00058483,0,-7.13223e-05,0,-0.00667097,0,-0.000808702,0,0.0150622,0,0.00189703,0,-0.00780638,0,-0.00101701,0),(0,-7.13223e-05,0,-0.000135353,0,-0.00184049,0,-0.00544224,0,-0.0108998,0,-0.0729403,0,0.0128116,0,-0.325863),(3.36751e-05,0,-0.000135353,0,0.000384121,0,-0.00154393,0,-0.000867295,0,0.00348598,0,0.000449499,0,-0.00180671,0),(0,-0.00667097,0,0.000384121,0,-0.172146,0,0.0154447,0,-1.01949,0,0.206999,0,1.19831,0,0.924775),(-0.0150917,0,-0.00184049,0,-0.172146,0,-0.0208687,0,0.388683,0,0.0489533,0,-0.201445,0,-0.0262441,0),(0,-0.000808702,0,-0.00154393,0,-0.0208687,0,-0.0620779,0,-0.12359,0,-0.832006,0,0.145267,0,-3.71702),(0.001354,0,-0.00544224,0,0.0154447,0,-0.0620779,0,-0.034872,0,0.140164,0,0.0180734,0,-0.0726437,0),(0,0.0150622,0,-0.000867295,0,0.388683,0,-0.034872,0,2.30187,0,-0.467376,0,-2.70562,0,-2.08802),(-0.0893765,0,-0.0108998,0,-1.01949,0,-0.12359,0,2.30187,0,0.289913,0,-1.19301,0,-0.155424,0),(0,0.00189703,0,0.00348598,0,0.0489533,0,0.140164,0,0.289913,0,1.87856,0,-0.340764,0,8.39255),(0.0181472,0,-0.0729403,0,0.206999,0,-0.832006,0,-0.467376,0,1.87856,0,0.24223,0,-0.973616,0),(0,-0.00780638,0,0.000449499,0,-0.201445,0,0.0180734,0,-1.19301,0,0.24223,0,1.40226,0,1.08217),(0.105053,0,0.0128116,0,1.19831,0,0.145267,0,-2.70562,0,-0.340764,0,1.40226,0,0.182685,0),(0,-0.00101701,0,-0.00180671,0,-0.0262441,0,-0.0726437,0,-0.155424,0,-0.973616,0,0.182685,0,-4.34966),(0.0810731,0,-0.325863,0,0.924775,0,-3.71702,0,-2.08802,0,8.39255,0,1.08217,0,-4.34966,0))
torsion_dof_n [16](0,-0.00497747,0,0.0144623,0,-0.0571018,0,0.373204,0,0.124158,0,2.2102,0,-0.0620792,0,-2.59787)
torsion_dof_v [16](0,0.00497747,0,-0.0144623,0,0.0571018,0,-0.373204,0,-0.124158,0,-2.2102,0,0.0620792,0,2.59787)
torsion_dof_n_2 [16,16]((0,-1.37646e-05,0,-9.54277e-21,0,-0.000157908,0,-3.18061e-19,0,0.000343346,0,-3.29708e-18,0,-0.000171673,0,-1.01763e-17),(-1.37646e-05,0,-2.54252e-06,0,-0.000355199,0,0.000349104,0,-0.00210357,0,0.00475498,0,0.00247254,0,-0.00510154,0),(0,-2.54252e-06,0,2.80911e-21,0,-0.000443882,0,-5.03985e-20,0,-0.00508012,0,-4.21822e-19,0,0.00552654,0,-2.03288e-19),(-9.54269e-21,0,2.80749e-21,0,-3.68541e-19,0,-3.60125e-20,0,-2.03619e-19,0,-2.78707e-20,0,2.06075e-18,0,5.42101e-19,0),(0,-0.000355199,0,-3.68539e-19,0,-0.00407486,0,-9.7214e-18,0,0.00886011,0,-6.47811e-17,0,-0.00443006,0,-7.48099e-18),(-0.000157908,0,-0.000443882,0,-0.00407486,0,-0.000752685,0,-0.0241323,0,0.064894,0,0.0283651,0,-0.0636974,0),(0,0.000349104,0,-3.59989e-20,0,-0.000752685,0,-1.1147e-18,0,-0.0677149,0,-1.48536e-17,0,0.0681185,0,-1.65883e-17),(-3.18062e-19,0,-5.04513e-20,0,-9.7214e-18,0,-1.11427e-18,0,-4.92886e-18,0,-2.85534e-18,0,5.2295e-17,0,1.38778e-17,0),(0,-0.00210357,0,-2.03606e-19,0,-0.0241323,0,-4.92973e-18,0,0.0524717,0,2.62919e-17,0,-0.0262359,0,4.77049e-16),(0.000343346,0,-0.00508012,0,0.00886011,0,-0.0677149,0,0.0524717,0,0.00969229,0,-0.0616752,0,0.0631028,0),(0,0.00475498,0,-2.79521e-20,0,0.064894,0,-2.85958e-18,0,0.00969229,0,-1.0842e-18,0,-0.0793412,0,1.64799e-17),(-3.29728e-18,0,-4.21321e-19,0,-6.4778e-17,0,-1.4844e-17,0,2.63088e-17,0,-1.14145e-18,0,2.99514e-16,0,8.32667e-17,0),(0,0.00247254,0,2.06073e-18,0,0.0283651,0,5.22958e-17,0,-0.0616752,0,2.99511e-16,0,0.0308376,0,-3.90963e-16),(-0.000171673,0,0.00552654,0,-0.00443006,0,0.0681185,0,-0.0262359,0,-0.0793412,0,0.0308376,0,0.00569615,0),(0,-0.00510154,0,5.42101e-19,0,-0.0636974,0,1.38778e-17,0,0.0631028,0,8.32667e-17,0,0.00569615,0,-5.55112e-17),(-1.01756e-17,0,-2.05273e-19,0,-7.49411e-18,0,-1.65724e-17,0,4.77096e-16,0,1.61677e-17,0,-3.90868e-16,0,-5.55112e-17,0))
