#
# Kratos Output 
#
# solution step :: 0 
# Id            Gauss x:            Gauss y:            Gauss z:                 Normal Force:                     Moment M:                    Moment Mz:                    Moment Mt:                local frame T:         x                    y                    z                lokal frame N:         x                    y                    z                lokal frame V:         x                    y                    z
#**************************************************************************************************************************************************************************************************************************************************************************************************************************************************************************************************************************************************
#
   1           0.0364038         6.81016e-05         -0.00606731                   1.25537e-71                   1.11989e-35                  -3.49965e-37                  -1.26766e-39                                0.986387           0.00369057            -0.164398                             -0.00364036             0.999993          0.000606727                                0.164399          1.77579e-15             0.986394
   2            0.187462          0.00180607          -0.0312437                   2.18649e-38                  -4.67599e-19                   5.59944e-34                   4.44412e-22                                0.986216            0.0190048            -0.164369                              -0.0187462             0.999819           0.00312437                                0.164399          1.18673e-15             0.986394
   3            0.441903           0.0100402          -0.0736505                             0                             0                             0                             0                                0.985404            0.0447999            -0.164234                              -0.0441903             0.998996           0.00736505                                0.164399          1.58797e-15             0.986394
   4            0.771824             0.03066           -0.128637                  -1.65266e-12                  -3.24863e-19                  -1.18098e-16                   9.88452e-19                                 0.98337             0.078247            -0.163895                              -0.0771824             0.996934            0.0128637                                0.164399          1.51499e-15             0.986394
   5             1.14079           0.0671027           -0.190132                  -1.65266e-12                   1.43997e-18                   1.18098e-16                  -9.99182e-19                                0.979775             0.115653            -0.163296                               -0.114079              0.99329            0.0190132                                0.164399          2.30566e-15             0.986394
   6             1.50814            0.117575           -0.251357                             0                             0                             0                             0                                0.974796             0.152895            -0.162466                               -0.150814             0.988242            0.0251357                                0.164399          2.36575e-15             0.986394
   7             1.83391            0.174353           -0.305652                  -1.65266e-12                   3.67624e-18                  -7.88401e-33                  -3.47809e-20                                0.969196             0.185921            -0.161533                               -0.183391             0.982565            0.0305652                                0.164399          2.30878e-15             0.986394
   8             2.08341            0.225604           -0.347235                   1.65266e-12                  -3.65706e-18                   9.31746e-33                   3.95127e-20                                0.964141             0.211215             -0.16069                               -0.208341              0.97744            0.0347235                                0.164399          2.18094e-15             0.986394
   9             2.23082            0.259097           -0.371804                             0                             0                             0                             0                                0.960837             0.226159            -0.160139                               -0.223082              0.97409            0.0371804                                0.164399          3.51167e-15             0.986394
  10             2.30168            0.276056           -0.383614                   5.29455e-36                   7.27637e-18                  -2.43688e-32                  -8.73047e-20                                0.959164             0.233343            -0.159861                               -0.230168             0.972394            0.0383614                                0.164399          3.23145e-15             0.986394
  11             2.44831            0.312932           -0.408051                   8.21919e-67                             0                  -2.86691e-33                             0                                0.955527             0.248208            -0.159254                               -0.244831             0.968707            0.0408051                                0.164399          3.10944e-15             0.986394
  12             2.69408            0.380211           -0.449013                   5.18174e-36                  -7.19843e-18                   3.01026e-32                   1.02188e-19                                 0.94889             0.273124            -0.158148                               -0.269408             0.961979            0.0449013                                0.164399          4.02766e-15             0.986394
  13              3.0105            0.477125            -0.50175                   1.65266e-12                  -1.61369e-17                  -4.92075e-18                   -1.2916e-18                                0.939331             0.305202            -0.156555                                -0.30105             0.952288            0.0501749                                0.164399           4.6336e-15             0.986394
  14             3.36133            0.598533           -0.560222                   4.94921e-36                   7.03506e-18                  -4.17494e-32                  -1.27498e-19                                0.927355              0.34077            -0.154559                               -0.336133             0.940147            0.0560222                                0.164399          5.58813e-15             0.986394
  15             3.70742             0.73322           -0.617904                   4.80842e-36                   6.93428e-18                  -4.58706e-32                  -1.40625e-19                                 0.91407             0.375856            -0.152345                               -0.370742             0.926678            0.0617904                                0.164399          6.01885e-15             0.986394
  16             4.01161            0.864357           -0.668601                  -1.65266e-12                             0                   5.73383e-33                             0                                0.901134             0.406694            -0.150189                               -0.401161             0.913564            0.0668601                                0.164399          5.55281e-15             0.986394
  17             4.24282            0.972351           -0.707137                             0                             0                             0                             0                                0.890482             0.430134            -0.148414                               -0.424282             0.902765            0.0707137                                0.164399          7.12657e-15             0.986394
  18              4.3787             1.03928           -0.729783                  -1.65266e-12                   1.54427e-17                  -1.18098e-16                   7.15782e-19                                 0.88388              0.44391            -0.147313                                -0.43787             0.896072            0.0729783                                0.164399          6.17223e-15             0.986394
  19             4.44382             1.07229           -0.740636                   1.78519e-35                  -1.33611e-17                    1.1163e-31                   3.37115e-19                                0.880624             0.450512            -0.146771                               -0.444382             0.892771            0.0740636                                0.164399          7.43461e-15             0.986394
  20             4.57816             1.14234           -0.763027                   2.11993e-35                  -1.37032e-17                  -4.92075e-18                  -1.30759e-18                                0.873715             0.464131            -0.145619                               -0.457816             0.885766            0.0763027                                0.164399          7.36117e-15             0.986394
  21             4.80211             1.26506           -0.800351                             0                             0                             0                             0                                0.861609             0.486835            -0.143602                               -0.480211             0.873494            0.0800351                                0.164399          7.48387e-15             0.986394
  22              5.0881             1.43308           -0.848017                  -1.65266e-12                   1.52296e-17                   4.92075e-18                   1.26467e-18                                0.845036             0.515829            -0.140839                                -0.50881             0.856692            0.0848017                                0.164399          7.61249e-15             0.986394
  23             5.40204             1.63296            -0.90034                   2.85659e-35                  -1.61693e-17                  -4.92075e-18                  -1.23516e-18                                 0.82532             0.547655            -0.137553                               -0.540204             0.836704             0.090034                                0.164399          8.47134e-15             0.986394
  24             5.70835             1.84466           -0.951391                   1.40769e-33                  -1.13907e-17                   1.18098e-16                  -8.02608e-19                                0.804438             0.578709            -0.134073                               -0.570835             0.815534            0.0951391                                0.164399          8.66296e-15             0.986394
  25             5.97468             2.04314           -0.995779                   1.41804e-35                  -1.19081e-17                   9.17412e-32                   4.53248e-19                                 0.78486             0.605709             -0.13081                               -0.597468             0.795686            0.0995779                                0.164399          8.72692e-15             0.986394
  26             6.17523              2.2021             -1.0292                   1.39726e-65                   2.86691e-33                   1.14676e-32                             0                                 0.76918             0.626041            -0.128197                               -0.617523              0.77979              0.10292                                0.164399          7.75614e-15             0.986394
  27              6.2923             2.29889            -1.04872                             0                             0                             0                             0                                0.759633              0.63791            -0.126606                                -0.62923             0.770111             0.104872                                0.164399          8.96552e-15             0.986394
  28              6.3482             2.34618            -1.05803                  -1.65266e-12                  -2.86691e-33                  -1.14676e-32                             0                                0.754968             0.643577            -0.125828                                -0.63482             0.765382             0.105803                                0.164399          8.35739e-15             0.986394
  29             6.46308             2.44564            -1.07718                   1.51572e-33                   4.85739e-18                  -1.23019e-16                   -8.6203e-19                                0.745157             0.655223            -0.124193                               -0.646308             0.755436             0.107718                                0.164399           8.7154e-15             0.986394
  30             6.65322             2.61724            -1.10887                   1.45389e-33                   2.43251e-17                  -1.18098e-16                    2.2185e-19                                 0.72823             0.674499            -0.121372                               -0.665322             0.738275             0.110887                                0.164399          9.21535e-15             0.986394
  31             6.89348             2.84739            -1.14891                   1.65266e-12                             0                   1.14676e-32                             0                                0.705529             0.698857            -0.117588                               -0.689348             0.715261             0.114891                                0.164399           8.9644e-15             0.986394
  32             7.15373             3.11504            -1.19229                             0                             0                             0                             0                                0.679128              0.72524            -0.113188                               -0.715373             0.688496             0.119229                                0.164399            9.424e-15             0.986394
  33             7.40386             3.39242            -1.23398                   1.41654e-33                    1.4774e-17                  -1.18098e-16                   6.50285e-19                                0.651768             0.750599            -0.108628                               -0.740386             0.660758             0.123398                                0.164399          8.74147e-15             0.986394
  34             7.61809             3.64763            -1.26968                  -1.65266e-12                             0                             0                             0                                0.626594             0.772317            -0.104432                               -0.761809             0.635237             0.126968                                0.164399          9.29302e-15             0.986394
  35             7.77725             3.84905            -1.29621                    5.6611e-35                   2.32787e-17                   4.92075e-18                   9.08019e-19                                0.606726             0.788453            -0.101121                               -0.777725             0.615095             0.129621                                0.164399          8.86664e-15             0.986394
  36             7.86926             3.97052            -1.31154                    2.0548e-67                  -1.43346e-33                             0                   8.30773e-35                                0.594745              0.79778           -0.0991241                               -0.786926             0.602948             0.131154                                0.164399          9.68997e-15             0.986394
  37             7.91294             4.02957            -1.31882                  -1.65266e-12                  -1.43346e-33                             0                             0                                 0.58892             0.802209           -0.0981533                               -0.791294             0.597043             0.131882                                0.164399           8.8139e-15             0.986394
  38              8.0022             4.15312             -1.3337                  -1.65266e-12                             0                  -1.14676e-32                             0                                0.576732             0.811258           -0.0961221                                -0.80022             0.584688              0.13337                                0.164399           9.7601e-15             0.986394
  39             8.14837             4.36442            -1.35806                   5.26028e-65                             0                  -2.29353e-32                             0                                 0.55589             0.826077           -0.0926483                               -0.814837             0.563558             0.135806                                0.164399          9.41492e-15             0.986394
  40             8.33005             4.64437            -1.38834                             0                             0                             0                             0                                0.528276             0.844495            -0.088046                               -0.833005             0.535563             0.138834                                0.164399          8.44728e-15             0.986394
  41             8.52267             4.96548            -1.42045                   3.49315e-66                  -1.43346e-33                   5.73383e-33                             0                                0.496602             0.864023            -0.082767                               -0.852267             0.503452             0.142045                                0.164399          8.40106e-15             0.986394
  42             8.70326              5.2937            -1.45054                             0                             0                             0                             0                                0.464226             0.882331           -0.0773711                               -0.870326              0.47063             0.145054                                0.164399          8.81557e-15             0.986394
  43             8.85391             5.59198            -1.47565                   7.26534e-35                  -2.65013e-17                  -4.92075e-18                  -6.50723e-19                                0.434805             0.897604           -0.0724674                               -0.885391             0.440802             0.147565                                0.164399          7.67258e-15             0.986394
  44             8.96317             5.82508            -1.49386                    2.0548e-67                  -1.43346e-33                             0                             0                                0.411811             0.908681           -0.0686352                               -0.896317             0.417492             0.149386                                0.164399           8.1732e-15             0.986394
  45             9.02519             5.96473             -1.5042                             0                             0                             0                             0                                0.398036             0.914968           -0.0663394                               -0.902519             0.403527              0.15042                                0.164399          7.97745e-15             0.986394
  46             9.05432             6.03238            -1.50905                   3.28767e-66                             0                  -5.73382e-33                             0                                0.391364             0.917921           -0.0652273                               -0.905432             0.396762             0.150905                                0.164399          7.53292e-15             0.986394
  47              9.1132             6.17342            -1.51887                             0                             0                             0                             0                                0.377451              0.92389           -0.0629086                                -0.91132             0.382658             0.151887                                0.164399          8.22218e-15             0.986394
  48             9.20757             6.41312            -1.53459                             0                             0                             0                             0                                0.353808             0.933457            -0.058968                               -0.920757             0.358688             0.153459                                0.164399          8.86368e-15             0.986394
  49             9.32094             6.72789            -1.55349                   5.13699e-68                  -7.16728e-34                             0                             0                                0.322759             0.944951           -0.0537931                               -0.932094             0.327211             0.155349                                0.164399          9.24302e-15             0.986394
  50             9.43564             7.08528            -1.57261                   8.21919e-67                   2.86691e-33                             0                             0                                0.287506             0.956579           -0.0479177                               -0.943564             0.291472             0.157261                                0.164399          8.81277e-15             0.986394
  51             9.53701             7.44678             -1.5895                   8.73288e-67                  -7.16728e-34                  -2.86691e-33                             0                                0.251848             0.966856           -0.0419747                               -0.953701             0.255322              0.15895                                0.164399          1.05969e-14             0.986394
  52             9.61604             7.77217            -1.60267                   1.28425e-68                   3.58364e-34                             0                             0                                0.219752             0.974868           -0.0366253                               -0.961604             0.222783             0.160267                                0.164399          2.12439e-14             0.986394
  53             9.66955             8.02449            -1.61159                   1.28425e-68                   3.58364e-34                             0                             0                                0.194863             0.980293           -0.0324772                               -0.966955             0.197551             0.161159                                0.164399          3.96996e-14             0.986394
  54             9.69825             8.17485            -1.61638                             0                             0                             0                             0                                0.180032             0.983203           -0.0300053                               -0.969825             0.182515             0.161638                                0.164399           3.8458e-14             0.986394
   1           0.0364038         6.81016e-05         -0.00606731                   3.37984e-05                    0.00193969                   0.000269733                    0.00161272                                0.986387           0.00369057            -0.164398                             -0.00364036             0.999993          0.000606727                                0.164399          1.77579e-15             0.986394
   2            0.187462          0.00180607          -0.0312437                   5.17053e-05                    0.00193407                   0.000268376                    0.00158306                                0.986216            0.0190048            -0.164369                              -0.0187462             0.999819           0.00312437                                0.164399          1.18673e-15             0.986394
   3            0.441903           0.0100402          -0.0736505                   0.000175156                    0.00192358                   0.000264955                    0.00153328                                0.985404            0.0447999            -0.164234                              -0.0441903             0.998996           0.00736505                                0.164399          1.58797e-15             0.986394
   4            0.771824             0.03066           -0.128637                   0.000647061                    0.00190804                   0.000258593                    0.00146909                                 0.98337             0.078247            -0.163895                              -0.0771824             0.996934            0.0128637                                0.164399          1.51499e-15             0.986394
   5             1.14079           0.0671027           -0.190132                    0.00188315                    0.00188803                   0.000249226                    0.00139778                                0.979775             0.115653            -0.163296                               -0.114079              0.99329            0.0190132                                0.164399          2.30566e-15             0.986394
   6             1.50814            0.117575           -0.251357                    0.00426436                    0.00186532                   0.000237905                    0.00132727                                0.974796             0.152895            -0.162466                               -0.150814             0.988242            0.0251357                                0.164399          2.36575e-15             0.986394
   7             1.83391            0.174353           -0.305652                    0.00772591                    0.00184282                   0.000226493                    0.00126517                                0.969196             0.185921            -0.161533                               -0.183391             0.982565            0.0305652                                0.164399          2.30878e-15             0.986394
   8             2.08341            0.225604           -0.347235                     0.0114786                    0.00182406                   0.000217038                    0.00121789                                0.964141             0.211215             -0.16069                               -0.208341              0.97744            0.0347235                                0.164399          2.18094e-15             0.986394
   9             2.23082            0.259097           -0.371804                     0.0142265                    0.00181235                   0.000211208                    0.00119007                                0.960837             0.226159            -0.160139                               -0.223082              0.97409            0.0371804                                0.164399          3.51167e-15             0.986394
  10             2.30168            0.276056           -0.383614                     0.0157023                    0.00180655                    0.00020835                    0.00117672                                0.959164             0.233343            -0.159861                               -0.230168             0.972394            0.0383614                                0.164399          3.23145e-15             0.986394
  11             2.44831            0.312932           -0.408051                     0.0190996                     0.0017942                   0.000202332                    0.00114917                                0.955527             0.248208            -0.159254                               -0.244831             0.968707            0.0408051                                0.164399          3.10944e-15             0.986394
  12             2.69408            0.380211           -0.449013                      0.025929                    0.00177242                    0.00019198                    0.00110318                                 0.94889             0.273124            -0.158148                               -0.269408             0.961979            0.0449013                                0.164399          4.02766e-15             0.986394
  13              3.0105            0.477125            -0.50175                     0.0370948                    0.00174236                   0.000178296                    0.00104434                                0.939331             0.305202            -0.156555                                -0.30105             0.952288            0.0501749                                0.164399           4.6336e-15             0.986394
  14             3.36133            0.598533           -0.560222                     0.0530923                    0.00170629                   0.000162871                   0.000979593                                0.927355              0.34077            -0.154559                               -0.336133             0.940147            0.0560222                                0.164399          5.58813e-15             0.986394
  15             3.70742             0.73322           -0.617904                     0.0731919                    0.00166778                   0.000147635                   0.000916247                                 0.91407             0.375856            -0.152345                               -0.370742             0.926678            0.0617904                                0.164399          6.01885e-15             0.986394
  16             4.01161            0.864357           -0.668601                     0.0949003                    0.00163143                   0.000134413                    0.00086102                                0.901134             0.406694            -0.150189                               -0.401161             0.913564            0.0668601                                0.164399          5.55281e-15             0.986394
  17             4.24282            0.972351           -0.707137                      0.114217                    0.00160216                   0.000124567                   0.000819336                                0.890482             0.430134            -0.148414                               -0.424282             0.902765            0.0707137                                0.164399          7.12657e-15             0.986394
  18              4.3787             1.03928           -0.729783                      0.126795                    0.00158428                   0.000118893                   0.000794961                                 0.88388              0.44391            -0.147313                                -0.43787             0.896072            0.0729783                                0.164399          6.17223e-15             0.986394
  19             4.44382             1.07229           -0.740636                      0.133161                    0.00157553                   0.000116207                   0.000783312                                0.880624             0.450512            -0.146771                               -0.444382             0.892771            0.0740636                                0.164399          7.43461e-15             0.986394
  20             4.57816             1.14234           -0.763027                      0.147009                     0.0015571                   0.000110745                   0.000759349                                0.873715             0.464131            -0.145619                               -0.457816             0.885766            0.0763027                                0.164399          7.36117e-15             0.986394
  21             4.80211             1.26506           -0.800351                      0.172334                     0.0015252                   0.000101898                   0.000719614                                0.861609             0.486835            -0.143602                               -0.480211             0.873494            0.0800351                                0.164399          7.48387e-15             0.986394
  22              5.0881             1.43308           -0.848017                      0.209027                    0.00148226                   9.11473e-05                   0.000669268                                0.845036             0.515829            -0.140839                                -0.50881             0.856692            0.0848017                                0.164399          7.61249e-15             0.986394
  23             5.40204             1.63296            -0.90034                      0.255394                     0.0014321                   8.01715e-05                   0.000614548                                 0.82532             0.547655            -0.137553                               -0.540204             0.836704             0.090034                                0.164399          8.47134e-15             0.986394
  24             5.70835             1.84466           -0.951391                      0.307324                    0.00137989                   7.04209e-05                   0.000561746                                0.804438             0.578709            -0.134073                               -0.570835             0.815534            0.0951391                                0.164399          8.66296e-15             0.986394
  25             5.97468             2.04314           -0.995779                      0.358295                    0.00133168                   6.28054e-05                   0.000516344                                 0.78486             0.605709             -0.13081                               -0.597468             0.795686            0.0995779                                0.164399          8.72692e-15             0.986394
  26             6.17523              2.2021             -1.0292                      0.400505                    0.00129353                   5.76474e-05                   0.000482491                                 0.76918             0.626041            -0.128197                               -0.617523              0.77979              0.10292                                0.164399          7.75614e-15             0.986394
  27              6.2923             2.29889            -1.04872                      0.426744                    0.00127047                   5.48786e-05                    0.00046287                                0.759633              0.63791            -0.126606                                -0.62923             0.770111             0.104872                                0.164399          8.96552e-15             0.986394
  28              6.3482             2.34618            -1.05803                      0.439703                    0.00125925                   5.36217e-05                   0.000453539                                0.754968             0.643577            -0.125828                                -0.63482             0.765382             0.105803                                0.164399          8.35739e-15             0.986394
  29             6.46308             2.44564            -1.07718                      0.467228                    0.00123575                   5.11737e-05                   0.000434444                                0.745157             0.655223            -0.124193                               -0.646308             0.755436             0.107718                                0.164399           8.7154e-15             0.986394
  30             6.65322             2.61724            -1.10887                      0.515516                     0.0011955                   4.75326e-05                   0.000403085                                 0.72823             0.674499            -0.121372                               -0.665322             0.738275             0.110887                                0.164399          9.21535e-15             0.986394
  31             6.89348             2.84739            -1.14891                      0.581641                    0.00114204                   4.36919e-05                   0.000363928                                0.705529             0.698857            -0.117588                               -0.689348             0.715261             0.114891                                0.164399           8.9644e-15             0.986394
  32             7.15373             3.11504            -1.19229                      0.660113                    0.00108055                   4.05287e-05                   0.000322164                                0.679128              0.72524            -0.113188                               -0.715373             0.688496             0.119229                                0.164399            9.424e-15             0.986394
  33             7.40386             3.39242            -1.23398                      0.742739                    0.00101754                      3.85e-05                   0.000282731                                0.651768             0.750599            -0.108628                               -0.740386             0.660758             0.123398                                0.164399          8.74147e-15             0.986394
  34             7.61809             3.64763            -1.26968                      0.819527                   0.000960135                   3.75697e-05                   0.000249582                                0.626594             0.772317            -0.104432                               -0.761809             0.635237             0.126968                                0.164399          9.29302e-15             0.986394
  35             7.77725             3.84905            -1.29621                      0.880419                   0.000915188                   3.73658e-05                    0.00022537                                0.606726             0.788453            -0.101121                               -0.777725             0.615095             0.129621                                0.164399          8.86664e-15             0.986394
  36             7.86926             3.97052            -1.31154                      0.917192                   0.000888226                   3.74378e-05                   0.000211551                                0.594745              0.79778           -0.0991241                               -0.786926             0.602948             0.131154                                0.164399          9.68997e-15             0.986394
